"GeographyCode","KS107EW0001","KS107EW0002","KS107EW0003","KS107EW0004","KS107EW0005","KS107EW0006","KS107EW0007","KS107EW0008","KS107EW0009","KS107EW0010","KS107EW0011","KS107EW0012","KS107EW0013","KS107EW0014","KS107EW0015","KS107EW0016","KS107EW0017","KS107EW0018","KS107EW0019","KS107EW0020","KS107EW0021","KS107EW0022","KS107EW0023"
"E01006512",39,10,6,23,7,0,0,7,32,10,6,16,25.6410256410256,15.3846153846154,58.974358974359,17.9487179487179,0,0,17.9487179487179,82.051282051282,25.6410256410256,15.3846153846154,41.025641025641
"E01006513",18,6,5,7,3,2,1,0,15,4,4,7,33.3333333333333,27.7777777777778,38.8888888888889,16.6666666666667,11.1111111111111,5.55555555555556,0,83.3333333333333,22.2222222222222,22.2222222222222,38.8888888888889
"E01006514",31,8,7,16,5,0,3,2,26,8,4,14,25.8064516129032,22.5806451612903,51.6129032258064,16.1290322580645,0,9.67741935483871,6.45161290322581,83.8709677419355,25.8064516129032,12.9032258064516,45.1612903225806
"E01006515",60,17,8,35,4,0,0,4,56,17,8,31,28.3333333333333,13.3333333333333,58.3333333333333,6.66666666666667,0,0,6.66666666666667,93.3333333333333,28.3333333333333,13.3333333333333,51.6666666666667
"E01006518",104,33,18,53,4,0,1,3,100,33,17,50,31.7307692307692,17.3076923076923,50.9615384615385,3.84615384615385,0,0.961538461538462,2.88461538461538,96.1538461538462,31.7307692307692,16.3461538461538,48.0769230769231
"E01006519",22,6,15,1,1,0,1,0,21,6,14,1,27.2727272727273,68.1818181818182,4.54545454545455,4.54545454545455,0,4.54545454545455,0,95.4545454545455,27.2727272727273,63.6363636363636,4.54545454545455
"E01006520",20,4,6,10,1,0,1,0,19,4,5,10,20,30,50,5,0,5,0,95,20,25,50
"E01006521",48,11,18,19,4,2,2,0,44,9,16,19,22.9166666666667,37.5,39.5833333333333,8.33333333333333,4.16666666666667,4.16666666666667,0,91.6666666666667,18.75,33.3333333333333,39.5833333333333
"E01006522",57,8,7,42,4,2,2,0,53,6,5,42,14.0350877192982,12.280701754386,73.6842105263158,7.01754385964912,3.50877192982456,3.50877192982456,0,92.9824561403509,10.5263157894737,8.7719298245614,73.6842105263158
"E01006523",39,7,11,21,4,2,1,1,35,5,10,20,17.9487179487179,28.2051282051282,53.8461538461538,10.2564102564103,5.12820512820513,2.56410256410256,2.56410256410256,89.7435897435898,12.8205128205128,25.6410256410256,51.2820512820513
"E01006524",24,4,14,6,1,0,0,1,23,4,14,5,16.6666666666667,58.3333333333333,25,4.16666666666667,0,0,4.16666666666667,95.8333333333333,16.6666666666667,58.3333333333333,20.8333333333333
"E01006525",14,3,7,4,5,1,2,2,9,2,5,2,21.4285714285714,50,28.5714285714286,35.7142857142857,7.14285714285714,14.2857142857143,14.2857142857143,64.2857142857143,14.2857142857143,35.7142857142857,14.2857142857143
"E01006526",34,15,9,10,2,0,2,0,32,15,7,10,44.1176470588235,26.4705882352941,29.4117647058824,5.88235294117647,0,5.88235294117647,0,94.1176470588235,44.1176470588235,20.5882352941176,29.4117647058824
"E01006527",42,24,8,10,0,0,0,0,42,24,8,10,57.1428571428571,19.047619047619,23.8095238095238,0,0,0,0,100,57.1428571428571,19.047619047619,23.8095238095238
"E01006528",35,14,9,12,2,0,2,0,33,14,7,12,40,25.7142857142857,34.2857142857143,5.71428571428571,0,5.71428571428571,0,94.2857142857143,40,20,34.2857142857143
"E01006529",21,7,8,6,2,0,1,1,19,7,7,5,33.3333333333333,38.0952380952381,28.5714285714286,9.52380952380952,0,4.76190476190476,4.76190476190476,90.4761904761905,33.3333333333333,33.3333333333333,23.8095238095238
"E01006530",28,12,8,8,4,1,2,1,24,11,6,7,42.8571428571429,28.5714285714286,28.5714285714286,14.2857142857143,3.57142857142857,7.14285714285714,3.57142857142857,85.7142857142857,39.2857142857143,21.4285714285714,25
"E01006531",21,7,9,5,0,0,0,0,21,7,9,5,33.3333333333333,42.8571428571429,23.8095238095238,0,0,0,0,100,33.3333333333333,42.8571428571429,23.8095238095238
"E01006532",19,5,10,4,3,1,2,0,16,4,8,4,26.3157894736842,52.6315789473684,21.0526315789474,15.7894736842105,5.26315789473684,10.5263157894737,0,84.2105263157895,21.0526315789474,42.1052631578947,21.0526315789474
"E01006533",26,7,8,11,1,0,1,0,25,7,7,11,26.9230769230769,30.7692307692308,42.3076923076923,3.84615384615385,0,3.84615384615385,0,96.1538461538462,26.9230769230769,26.9230769230769,42.3076923076923
"E01006534",61,14,18,29,4,0,1,3,57,14,17,26,22.9508196721311,29.5081967213115,47.5409836065574,6.55737704918033,0,1.63934426229508,4.91803278688525,93.4426229508197,22.9508196721311,27.8688524590164,42.6229508196721
"E01006535",57,21,20,16,3,1,2,0,54,20,18,16,36.8421052631579,35.0877192982456,28.0701754385965,5.26315789473684,1.75438596491228,3.50877192982456,0,94.7368421052632,35.0877192982456,31.5789473684211,28.0701754385965
"E01006536",88,27,26,35,4,0,0,4,84,27,26,31,30.6818181818182,29.5454545454545,39.7727272727273,4.54545454545455,0,0,4.54545454545455,95.4545454545455,30.6818181818182,29.5454545454545,35.2272727272727
"E01006537",108,46,21,41,4,1,0,3,104,45,21,38,42.5925925925926,19.4444444444444,37.962962962963,3.7037037037037,0.925925925925926,0,2.77777777777778,96.2962962962963,41.6666666666667,19.4444444444444,35.1851851851852
"E01006538",36,12,15,9,4,0,3,1,32,12,12,8,33.3333333333333,41.6666666666667,25,11.1111111111111,0,8.33333333333333,2.77777777777778,88.8888888888889,33.3333333333333,33.3333333333333,22.2222222222222
"E01006539",15,7,5,3,3,1,0,2,12,6,5,1,46.6666666666667,33.3333333333333,20,20,6.66666666666667,0,13.3333333333333,80,40,33.3333333333333,6.66666666666667
"E01006540",119,37,12,70,14,3,2,9,105,34,10,61,31.0924369747899,10.0840336134454,58.8235294117647,11.7647058823529,2.52100840336134,1.68067226890756,7.56302521008403,88.2352941176471,28.5714285714286,8.40336134453782,51.2605042016807
"E01006541",83,27,19,37,5,0,2,3,78,27,17,34,32.5301204819277,22.8915662650602,44.578313253012,6.02409638554217,0,2.40963855421687,3.6144578313253,93.9759036144578,32.5301204819277,20.4819277108434,40.9638554216867
"E01006542",71,26,10,35,8,0,0,8,63,26,10,27,36.6197183098592,14.0845070422535,49.2957746478873,11.2676056338028,0,0,11.2676056338028,88.7323943661972,36.6197183098592,14.0845070422535,38.0281690140845
"E01006543",35,15,9,11,0,0,0,0,35,15,9,11,42.8571428571429,25.7142857142857,31.4285714285714,0,0,0,0,100,42.8571428571429,25.7142857142857,31.4285714285714
"E01006544",130,39,11,80,10,3,3,4,120,36,8,76,30,8.46153846153846,61.5384615384615,7.69230769230769,2.30769230769231,2.30769230769231,3.07692307692308,92.3076923076923,27.6923076923077,6.15384615384615,58.4615384615385
"E01006545",117,41,20,56,6,4,2,0,111,37,18,56,35.042735042735,17.0940170940171,47.8632478632479,5.12820512820513,3.41880341880342,1.70940170940171,0,94.8717948717949,31.6239316239316,15.3846153846154,47.8632478632479
"E01006546",94,24,25,45,9,0,7,2,85,24,18,43,25.531914893617,26.5957446808511,47.8723404255319,9.57446808510638,0,7.4468085106383,2.12765957446809,90.4255319148936,25.531914893617,19.1489361702128,45.7446808510638
"E01006547",97,28,15,54,9,1,5,3,88,27,10,51,28.8659793814433,15.4639175257732,55.6701030927835,9.27835051546392,1.03092783505155,5.15463917525773,3.09278350515464,90.7216494845361,27.8350515463918,10.3092783505155,52.5773195876289
"E01006548",141,37,22,82,12,0,6,6,129,37,16,76,26.241134751773,15.6028368794326,58.1560283687943,8.51063829787234,0,4.25531914893617,4.25531914893617,91.4893617021277,26.241134751773,11.3475177304965,53.9007092198582
"E01006549",32,8,13,11,5,3,2,0,27,5,11,11,25,40.625,34.375,15.625,9.375,6.25,0,84.375,15.625,34.375,34.375
"E01006550",20,6,5,9,4,2,1,1,16,4,4,8,30,25,45,20,10,5,5,80,20,20,40
"E01006551",23,2,7,14,3,0,1,2,20,2,6,12,8.69565217391304,30.4347826086957,60.8695652173913,13.0434782608696,0,4.34782608695652,8.69565217391304,86.9565217391304,8.69565217391304,26.0869565217391,52.1739130434783
"E01006552",151,32,22,97,30,5,5,20,121,27,17,77,21.1920529801325,14.5695364238411,64.2384105960265,19.8675496688742,3.3112582781457,3.3112582781457,13.2450331125828,80.1324503311258,17.8807947019868,11.2582781456954,50.9933774834437
"E01006553",40,19,9,12,8,3,3,2,32,16,6,10,47.5,22.5,30,20,7.5,7.5,5,80,40,15,25
"E01006554",22,5,8,9,6,0,3,3,16,5,5,6,22.7272727272727,36.3636363636364,40.9090909090909,27.2727272727273,0,13.6363636363636,13.6363636363636,72.7272727272727,22.7272727272727,22.7272727272727,27.2727272727273
"E01006556",141,32,24,85,18,3,7,8,123,29,17,77,22.6950354609929,17.0212765957447,60.2836879432624,12.7659574468085,2.12765957446809,4.9645390070922,5.67375886524823,87.2340425531915,20.5673758865248,12.0567375886525,54.6099290780142
"E01006557",34,7,10,17,4,1,2,1,30,6,8,16,20.5882352941176,29.4117647058824,50,11.7647058823529,2.94117647058824,5.88235294117647,2.94117647058824,88.2352941176471,17.6470588235294,23.5294117647059,47.0588235294118
"E01006558",99,26,12,61,9,1,3,5,90,25,9,56,26.2626262626263,12.1212121212121,61.6161616161616,9.09090909090909,1.01010101010101,3.03030303030303,5.05050505050505,90.9090909090909,25.2525252525253,9.09090909090909,56.5656565656566
"E01006560",119,50,11,58,6,1,0,5,113,49,11,53,42.0168067226891,9.2436974789916,48.7394957983193,5.04201680672269,0.840336134453782,0,4.20168067226891,94.9579831932773,41.1764705882353,9.2436974789916,44.5378151260504
"E01006562",134,30,16,88,13,3,1,9,121,27,15,79,22.3880597014925,11.9402985074627,65.6716417910448,9.70149253731343,2.23880597014925,0.746268656716418,6.71641791044776,90.2985074626866,20.1492537313433,11.1940298507463,58.955223880597
"E01006563",123,27,16,80,9,0,0,9,114,27,16,71,21.9512195121951,13.0081300813008,65.0406504065041,7.31707317073171,0,0,7.31707317073171,92.6829268292683,21.9512195121951,13.0081300813008,57.7235772357724
"E01006564",70,28,6,36,4,1,0,3,66,27,6,33,40,8.57142857142857,51.4285714285714,5.71428571428571,1.42857142857143,0,4.28571428571429,94.2857142857143,38.5714285714286,8.57142857142857,47.1428571428571
"E01006565",55,23,13,19,2,0,2,0,53,23,11,19,41.8181818181818,23.6363636363636,34.5454545454545,3.63636363636364,0,3.63636363636364,0,96.3636363636364,41.8181818181818,20,34.5454545454545
"E01006566",34,10,10,14,2,1,0,1,32,9,10,13,29.4117647058824,29.4117647058824,41.1764705882353,5.88235294117647,2.94117647058824,0,2.94117647058824,94.1176470588235,26.4705882352941,29.4117647058824,38.2352941176471
"E01006567",65,26,12,27,8,2,3,3,57,24,9,24,40,18.4615384615385,41.5384615384615,12.3076923076923,3.07692307692308,4.61538461538462,4.61538461538462,87.6923076923077,36.9230769230769,13.8461538461538,36.9230769230769
"E01006568",71,26,21,24,8,1,6,1,63,25,15,23,36.6197183098592,29.5774647887324,33.8028169014084,11.2676056338028,1.40845070422535,8.45070422535211,1.40845070422535,88.7323943661972,35.2112676056338,21.1267605633803,32.3943661971831
"E01006569",44,14,7,23,6,0,2,4,38,14,5,19,31.8181818181818,15.9090909090909,52.2727272727273,13.6363636363636,0,4.54545454545455,9.09090909090909,86.3636363636364,31.8181818181818,11.3636363636364,43.1818181818182
"E01006570",56,10,23,23,9,0,6,3,47,10,17,20,17.8571428571429,41.0714285714286,41.0714285714286,16.0714285714286,0,10.7142857142857,5.35714285714286,83.9285714285714,17.8571428571429,30.3571428571429,35.7142857142857
"E01006571",72,24,10,38,1,0,1,0,71,24,9,38,33.3333333333333,13.8888888888889,52.7777777777778,1.38888888888889,0,1.38888888888889,0,98.6111111111111,33.3333333333333,12.5,52.7777777777778
"E01006572",96,33,8,55,2,0,0,2,94,33,8,53,34.375,8.33333333333333,57.2916666666667,2.08333333333333,0,0,2.08333333333333,97.9166666666667,34.375,8.33333333333333,55.2083333333333
"E01006573",99,33,17,49,8,1,3,4,91,32,14,45,33.3333333333333,17.1717171717172,49.4949494949495,8.08080808080808,1.01010101010101,3.03030303030303,4.04040404040404,91.9191919191919,32.3232323232323,14.1414141414141,45.4545454545455
"E01006574",77,24,11,42,8,0,2,6,69,24,9,36,31.1688311688312,14.2857142857143,54.5454545454545,10.3896103896104,0,2.5974025974026,7.79220779220779,89.6103896103896,31.1688311688312,11.6883116883117,46.7532467532467
"E01006575",42,10,11,21,0,0,0,0,42,10,11,21,23.8095238095238,26.1904761904762,50,0,0,0,0,100,23.8095238095238,26.1904761904762,50
"E01006576",41,13,13,15,1,0,0,1,40,13,13,14,31.7073170731707,31.7073170731707,36.5853658536585,2.4390243902439,0,0,2.4390243902439,97.5609756097561,31.7073170731707,31.7073170731707,34.1463414634146
"E01006577",31,15,12,4,1,0,0,1,30,15,12,3,48.3870967741936,38.7096774193548,12.9032258064516,3.2258064516129,0,0,3.2258064516129,96.7741935483871,48.3870967741936,38.7096774193548,9.67741935483871
"E01006578",35,11,14,10,2,0,0,2,33,11,14,8,31.4285714285714,40,28.5714285714286,5.71428571428571,0,0,5.71428571428571,94.2857142857143,31.4285714285714,40,22.8571428571429
"E01006579",27,9,14,4,3,0,3,0,24,9,11,4,33.3333333333333,51.8518518518518,14.8148148148148,11.1111111111111,0,11.1111111111111,0,88.8888888888889,33.3333333333333,40.7407407407407,14.8148148148148
"E01006580",18,12,3,3,0,0,0,0,18,12,3,3,66.6666666666667,16.6666666666667,16.6666666666667,0,0,0,0,100,66.6666666666667,16.6666666666667,16.6666666666667
"E01006581",22,7,12,3,1,0,1,0,21,7,11,3,31.8181818181818,54.5454545454545,13.6363636363636,4.54545454545455,0,4.54545454545455,0,95.4545454545455,31.8181818181818,50,13.6363636363636
"E01006582",26,13,10,3,2,0,2,0,24,13,8,3,50,38.4615384615385,11.5384615384615,7.69230769230769,0,7.69230769230769,0,92.3076923076923,50,30.7692307692308,11.5384615384615
"E01006583",12,6,3,3,1,0,1,0,11,6,2,3,50,25,25,8.33333333333333,0,8.33333333333333,0,91.6666666666667,50,16.6666666666667,25
"E01006584",40,14,12,14,5,1,0,4,35,13,12,10,35,30,35,12.5,2.5,0,10,87.5,32.5,30,25
"E01006585",69,17,18,34,3,0,2,1,66,17,16,33,24.6376811594203,26.0869565217391,49.2753623188406,4.34782608695652,0,2.89855072463768,1.44927536231884,95.6521739130435,24.6376811594203,23.1884057971014,47.8260869565217
"E01006586",71,24,22,25,10,2,5,3,61,22,17,22,33.8028169014084,30.9859154929577,35.2112676056338,14.0845070422535,2.8169014084507,7.04225352112676,4.22535211267606,85.9154929577465,30.9859154929577,23.943661971831,30.9859154929577
"E01006587",42,10,14,18,7,1,5,1,35,9,9,17,23.8095238095238,33.3333333333333,42.8571428571429,16.6666666666667,2.38095238095238,11.9047619047619,2.38095238095238,83.3333333333333,21.4285714285714,21.4285714285714,40.4761904761905
"E01006588",21,6,6,9,1,1,0,0,20,5,6,9,28.5714285714286,28.5714285714286,42.8571428571429,4.76190476190476,4.76190476190476,0,0,95.2380952380952,23.8095238095238,28.5714285714286,42.8571428571429
"E01006589",32,17,13,2,4,2,2,0,28,15,11,2,53.125,40.625,6.25,12.5,6.25,6.25,0,87.5,46.875,34.375,6.25
"E01006590",39,13,14,12,9,1,5,3,30,12,9,9,33.3333333333333,35.8974358974359,30.7692307692308,23.0769230769231,2.56410256410256,12.8205128205128,7.69230769230769,76.9230769230769,30.7692307692308,23.0769230769231,23.0769230769231
"E01006591",43,17,14,12,4,1,2,1,39,16,12,11,39.5348837209302,32.5581395348837,27.906976744186,9.30232558139535,2.32558139534884,4.65116279069767,2.32558139534884,90.6976744186046,37.2093023255814,27.906976744186,25.5813953488372
"E01006592",15,1,10,4,1,0,1,0,14,1,9,4,6.66666666666667,66.6666666666667,26.6666666666667,6.66666666666667,0,6.66666666666667,0,93.3333333333333,6.66666666666667,60,26.6666666666667
"E01006593",46,21,16,9,3,0,2,1,43,21,14,8,45.6521739130435,34.7826086956522,19.5652173913043,6.52173913043478,0,4.34782608695652,2.17391304347826,93.4782608695652,45.6521739130435,30.4347826086957,17.3913043478261
"E01006594",11,5,4,2,2,1,1,0,9,4,3,2,45.4545454545455,36.3636363636364,18.1818181818182,18.1818181818182,9.09090909090909,9.09090909090909,0,81.8181818181818,36.3636363636364,27.2727272727273,18.1818181818182
"E01006595",54,19,16,19,5,0,3,2,49,19,13,17,35.1851851851852,29.6296296296296,35.1851851851852,9.25925925925926,0,5.55555555555556,3.7037037037037,90.7407407407407,35.1851851851852,24.0740740740741,31.4814814814815
"E01006596",23,10,7,6,3,0,3,0,20,10,4,6,43.4782608695652,30.4347826086957,26.0869565217391,13.0434782608696,0,13.0434782608696,0,86.9565217391304,43.4782608695652,17.3913043478261,26.0869565217391
"E01006597",28,9,10,9,2,0,1,1,26,9,9,8,32.1428571428571,35.7142857142857,32.1428571428571,7.14285714285714,0,3.57142857142857,3.57142857142857,92.8571428571429,32.1428571428571,32.1428571428571,28.5714285714286
"E01006598",106,24,24,58,5,0,2,3,101,24,22,55,22.6415094339623,22.6415094339623,54.7169811320755,4.71698113207547,0,1.88679245283019,2.83018867924528,95.2830188679245,22.6415094339623,20.7547169811321,51.8867924528302
"E01006599",118,32,17,69,7,0,3,4,111,32,14,65,27.1186440677966,14.4067796610169,58.4745762711864,5.93220338983051,0,2.54237288135593,3.38983050847458,94.0677966101695,27.1186440677966,11.864406779661,55.0847457627119
"E01006600",76,28,13,35,6,1,1,4,70,27,12,31,36.8421052631579,17.1052631578947,46.0526315789474,7.89473684210526,1.31578947368421,1.31578947368421,5.26315789473684,92.1052631578947,35.5263157894737,15.7894736842105,40.7894736842105
"E01006603",69,24,14,31,5,1,1,3,64,23,13,28,34.7826086956522,20.2898550724638,44.9275362318841,7.2463768115942,1.44927536231884,1.44927536231884,4.34782608695652,92.7536231884058,33.3333333333333,18.8405797101449,40.5797101449275
"E01006604",65,30,9,26,4,0,2,2,61,30,7,24,46.1538461538462,13.8461538461538,40,6.15384615384615,0,3.07692307692308,3.07692307692308,93.8461538461538,46.1538461538462,10.7692307692308,36.9230769230769
"E01006605",73,23,15,35,4,0,0,4,69,23,15,31,31.5068493150685,20.5479452054795,47.945205479452,5.47945205479452,0,0,5.47945205479452,94.5205479452055,31.5068493150685,20.5479452054795,42.4657534246575
"E01006606",88,26,19,43,6,0,4,2,82,26,15,41,29.5454545454545,21.5909090909091,48.8636363636364,6.81818181818182,0,4.54545454545455,2.27272727272727,93.1818181818182,29.5454545454545,17.0454545454545,46.5909090909091
"E01006607",113,35,17,61,8,1,6,1,105,34,11,60,30.9734513274336,15.0442477876106,53.9823008849557,7.07964601769912,0.884955752212389,5.30973451327434,0.884955752212389,92.9203539823009,30.0884955752212,9.73451327433628,53.0973451327434
"E01006608",67,23,16,28,5,0,3,2,62,23,13,26,34.3283582089552,23.8805970149254,41.7910447761194,7.46268656716418,0,4.47761194029851,2.98507462686567,92.5373134328358,34.3283582089552,19.4029850746269,38.8059701492537
"E01006609",74,21,9,44,5,2,1,2,69,19,8,42,28.3783783783784,12.1621621621622,59.4594594594595,6.75675675675676,2.7027027027027,1.35135135135135,2.7027027027027,93.2432432432432,25.6756756756757,10.8108108108108,56.7567567567568
"E01006610",114,28,19,67,3,0,1,2,111,28,18,65,24.5614035087719,16.6666666666667,58.7719298245614,2.63157894736842,0,0.87719298245614,1.75438596491228,97.3684210526316,24.5614035087719,15.7894736842105,57.0175438596491
"E01006611",112,34,16,62,9,0,2,7,103,34,14,55,30.3571428571429,14.2857142857143,55.3571428571429,8.03571428571429,0,1.78571428571429,6.25,91.9642857142857,30.3571428571429,12.5,49.1071428571429
"E01006612",92,30,13,49,3,0,1,2,89,30,12,47,32.6086956521739,14.1304347826087,53.2608695652174,3.26086956521739,0,1.08695652173913,2.17391304347826,96.7391304347826,32.6086956521739,13.0434782608696,51.0869565217391
"E01006613",55,18,9,28,1,0,0,1,54,18,9,27,32.7272727272727,16.3636363636364,50.9090909090909,1.81818181818182,0,0,1.81818181818182,98.1818181818182,32.7272727272727,16.3636363636364,49.0909090909091
"E01006614",86,20,7,59,8,0,2,6,78,20,5,53,23.2558139534884,8.13953488372093,68.6046511627907,9.30232558139535,0,2.32558139534884,6.97674418604651,90.6976744186046,23.2558139534884,5.81395348837209,61.6279069767442
"E01006615",124,39,21,64,12,0,1,11,112,39,20,53,31.4516129032258,16.9354838709677,51.6129032258064,9.67741935483871,0,0.806451612903226,8.87096774193548,90.3225806451613,31.4516129032258,16.1290322580645,42.741935483871
"E01006616",58,18,14,26,7,2,5,0,51,16,9,26,31.0344827586207,24.1379310344828,44.8275862068966,12.0689655172414,3.44827586206897,8.62068965517241,0,87.9310344827586,27.5862068965517,15.5172413793103,44.8275862068966
"E01006617",55,24,21,10,2,1,1,0,53,23,20,10,43.6363636363636,38.1818181818182,18.1818181818182,3.63636363636364,1.81818181818182,1.81818181818182,0,96.3636363636364,41.8181818181818,36.3636363636364,18.1818181818182
"E01006618",53,18,7,28,3,1,0,2,50,17,7,26,33.9622641509434,13.2075471698113,52.8301886792453,5.66037735849057,1.88679245283019,0,3.77358490566038,94.3396226415094,32.0754716981132,13.2075471698113,49.0566037735849
"E01006619",52,22,10,20,4,0,1,3,48,22,9,17,42.3076923076923,19.2307692307692,38.4615384615385,7.69230769230769,0,1.92307692307692,5.76923076923077,92.3076923076923,42.3076923076923,17.3076923076923,32.6923076923077
"E01006620",34,12,8,14,3,0,0,3,31,12,8,11,35.2941176470588,23.5294117647059,41.1764705882353,8.82352941176471,0,0,8.82352941176471,91.1764705882353,35.2941176470588,23.5294117647059,32.3529411764706
"E01006621",21,9,4,8,0,0,0,0,21,9,4,8,42.8571428571429,19.047619047619,38.0952380952381,0,0,0,0,100,42.8571428571429,19.047619047619,38.0952380952381
"E01006622",25,4,15,6,3,0,3,0,22,4,12,6,16,60,24,12,0,12,0,88,16,48,24
"E01006623",26,10,11,5,3,0,3,0,23,10,8,5,38.4615384615385,42.3076923076923,19.2307692307692,11.5384615384615,0,11.5384615384615,0,88.4615384615385,38.4615384615385,30.7692307692308,19.2307692307692
"E01006624",71,25,17,29,2,0,1,1,69,25,16,28,35.2112676056338,23.943661971831,40.8450704225352,2.8169014084507,0,1.40845070422535,1.40845070422535,97.1830985915493,35.2112676056338,22.5352112676056,39.4366197183099
"E01006625",55,19,24,12,4,0,3,1,51,19,21,11,34.5454545454545,43.6363636363636,21.8181818181818,7.27272727272727,0,5.45454545454545,1.81818181818182,92.7272727272727,34.5454545454545,38.1818181818182,20
"E01006626",27,8,11,8,4,1,2,1,23,7,9,7,29.6296296296296,40.7407407407407,29.6296296296296,14.8148148148148,3.7037037037037,7.40740740740741,3.7037037037037,85.1851851851852,25.9259259259259,33.3333333333333,25.9259259259259
"E01006627",40,18,11,11,2,0,2,0,38,18,9,11,45,27.5,27.5,5,0,5,0,95,45,22.5,27.5
"E01006628",44,12,16,16,4,0,1,3,40,12,15,13,27.2727272727273,36.3636363636364,36.3636363636364,9.09090909090909,0,2.27272727272727,6.81818181818182,90.9090909090909,27.2727272727273,34.0909090909091,29.5454545454545
"E01006629",37,10,10,17,5,0,0,5,32,10,10,12,27.027027027027,27.027027027027,45.945945945946,13.5135135135135,0,0,13.5135135135135,86.4864864864865,27.027027027027,27.027027027027,32.4324324324324
"E01006630",123,37,16,70,1,0,0,1,122,37,16,69,30.0813008130081,13.0081300813008,56.9105691056911,0.813008130081301,0,0,0.813008130081301,99.1869918699187,30.0813008130081,13.0081300813008,56.0975609756098
"E01006632",131,23,30,78,15,2,9,4,116,21,21,74,17.5572519083969,22.9007633587786,59.5419847328244,11.4503816793893,1.52671755725191,6.87022900763359,3.05343511450382,88.5496183206107,16.030534351145,16.030534351145,56.4885496183206
"E01006633",103,34,15,54,2,0,2,0,101,34,13,54,33.0097087378641,14.5631067961165,52.4271844660194,1.94174757281553,0,1.94174757281553,0,98.0582524271845,33.0097087378641,12.621359223301,52.4271844660194
"E01006637",155,44,19,92,6,1,1,4,149,43,18,88,28.3870967741935,12.258064516129,59.3548387096774,3.87096774193548,0.645161290322581,0.645161290322581,2.58064516129032,96.1290322580645,27.741935483871,11.6129032258065,56.7741935483871
"E01006638",103,30,17,56,4,0,3,1,99,30,14,55,29.126213592233,16.504854368932,54.3689320388349,3.88349514563107,0,2.9126213592233,0.970873786407767,96.1165048543689,29.126213592233,13.5922330097087,53.3980582524272
"E01006639",86,26,22,38,3,1,1,1,83,25,21,37,30.2325581395349,25.5813953488372,44.1860465116279,3.48837209302326,1.16279069767442,1.16279069767442,1.16279069767442,96.5116279069768,29.0697674418605,24.4186046511628,43.0232558139535
"E01006640",56,31,7,18,2,0,1,1,54,31,6,17,55.3571428571429,12.5,32.1428571428571,3.57142857142857,0,1.78571428571429,1.78571428571429,96.4285714285714,55.3571428571429,10.7142857142857,30.3571428571429
"E01006641",73,29,22,22,2,0,1,1,71,29,21,21,39.7260273972603,30.1369863013699,30.1369863013699,2.73972602739726,0,1.36986301369863,1.36986301369863,97.2602739726027,39.7260273972603,28.7671232876712,28.7671232876712
"E01006642",105,33,19,53,3,0,2,1,102,33,17,52,31.4285714285714,18.0952380952381,50.4761904761905,2.85714285714286,0,1.9047619047619,0.952380952380952,97.1428571428571,31.4285714285714,16.1904761904762,49.5238095238095
"E01006643",141,45,26,70,4,0,1,3,137,45,25,67,31.9148936170213,18.4397163120567,49.645390070922,2.83687943262411,0,0.709219858156028,2.12765957446809,97.1631205673759,31.9148936170213,17.7304964539007,47.5177304964539
"E01006644",119,41,24,54,11,2,3,6,108,39,21,48,34.453781512605,20.1680672268908,45.3781512605042,9.2436974789916,1.68067226890756,2.52100840336134,5.04201680672269,90.7563025210084,32.7731092436975,17.6470588235294,40.3361344537815
"E01006645",115,34,11,70,9,2,0,7,106,32,11,63,29.5652173913043,9.56521739130435,60.8695652173913,7.82608695652174,1.73913043478261,0,6.08695652173913,92.1739130434783,27.8260869565217,9.56521739130435,54.7826086956522
"E01006646",100,34,12,54,14,3,2,9,86,31,10,45,34,12,54,14,3,2,9,86,31,10,45
"E01006647",136,32,11,93,5,0,0,5,131,32,11,88,23.5294117647059,8.08823529411765,68.3823529411765,3.67647058823529,0,0,3.67647058823529,96.3235294117647,23.5294117647059,8.08823529411765,64.7058823529412
"E01006648",105,32,14,59,6,0,2,4,99,32,12,55,30.4761904761905,13.3333333333333,56.1904761904762,5.71428571428571,0,1.9047619047619,3.80952380952381,94.2857142857143,30.4761904761905,11.4285714285714,52.3809523809524
"E01006651",60,26,20,14,5,0,5,0,55,26,15,14,43.3333333333333,33.3333333333333,23.3333333333333,8.33333333333333,0,8.33333333333333,0,91.6666666666667,43.3333333333333,25,23.3333333333333
"E01006652",71,30,15,26,6,3,3,0,65,27,12,26,42.2535211267606,21.1267605633803,36.6197183098592,8.45070422535211,4.22535211267606,4.22535211267606,0,91.5492957746479,38.0281690140845,16.9014084507042,36.6197183098592
"E01006653",71,19,15,37,2,0,0,2,69,19,15,35,26.7605633802817,21.1267605633803,52.112676056338,2.8169014084507,0,0,2.8169014084507,97.1830985915493,26.7605633802817,21.1267605633803,49.2957746478873
"E01006654",60,17,21,22,7,3,3,1,53,14,18,21,28.3333333333333,35,36.6666666666667,11.6666666666667,5,5,1.66666666666667,88.3333333333333,23.3333333333333,30,35
"E01006655",74,31,21,22,4,2,1,1,70,29,20,21,41.8918918918919,28.3783783783784,29.7297297297297,5.40540540540541,2.7027027027027,1.35135135135135,1.35135135135135,94.5945945945946,39.1891891891892,27.027027027027,28.3783783783784
"E01006656",80,24,23,33,3,0,2,1,77,24,21,32,30,28.75,41.25,3.75,0,2.5,1.25,96.25,30,26.25,40
"E01006657",70,19,15,36,2,1,1,0,68,18,14,36,27.1428571428571,21.4285714285714,51.4285714285714,2.85714285714286,1.42857142857143,1.42857142857143,0,97.1428571428571,25.7142857142857,20,51.4285714285714
"E01006658",95,46,13,36,3,2,1,0,92,44,12,36,48.4210526315789,13.6842105263158,37.8947368421053,3.15789473684211,2.10526315789474,1.05263157894737,0,96.8421052631579,46.3157894736842,12.6315789473684,37.8947368421053
"E01006659",69,20,12,37,9,0,3,6,60,20,9,31,28.9855072463768,17.3913043478261,53.6231884057971,13.0434782608696,0,4.34782608695652,8.69565217391304,86.9565217391304,28.9855072463768,13.0434782608696,44.9275362318841
"E01006660",57,21,11,25,6,0,2,4,51,21,9,21,36.8421052631579,19.2982456140351,43.859649122807,10.5263157894737,0,3.50877192982456,7.01754385964912,89.4736842105263,36.8421052631579,15.7894736842105,36.8421052631579
"E01006661",99,31,15,53,1,0,1,0,98,31,14,53,31.3131313131313,15.1515151515152,53.5353535353535,1.01010101010101,0,1.01010101010101,0,98.989898989899,31.3131313131313,14.1414141414141,53.5353535353535
"E01006662",87,31,12,44,5,1,1,3,82,30,11,41,35.632183908046,13.7931034482759,50.5747126436782,5.74712643678161,1.14942528735632,1.14942528735632,3.44827586206897,94.2528735632184,34.4827586206897,12.6436781609195,47.1264367816092
"E01006663",66,28,13,25,1,0,1,0,65,28,12,25,42.4242424242424,19.6969696969697,37.8787878787879,1.51515151515152,0,1.51515151515152,0,98.4848484848485,42.4242424242424,18.1818181818182,37.8787878787879
"E01006664",123,34,23,66,15,0,5,10,108,34,18,56,27.6422764227642,18.6991869918699,53.6585365853659,12.1951219512195,0,4.0650406504065,8.13008130081301,87.8048780487805,27.6422764227642,14.6341463414634,45.5284552845528
"E01006665",61,32,15,14,4,1,3,0,57,31,12,14,52.4590163934426,24.5901639344262,22.9508196721311,6.55737704918033,1.63934426229508,4.91803278688525,0,93.4426229508197,50.8196721311475,19.672131147541,22.9508196721311
"E01006666",44,19,17,8,4,0,2,2,40,19,15,6,43.1818181818182,38.6363636363636,18.1818181818182,9.09090909090909,0,4.54545454545455,4.54545454545455,90.9090909090909,43.1818181818182,34.0909090909091,13.6363636363636
"E01006667",69,25,17,27,2,0,2,0,67,25,15,27,36.231884057971,24.6376811594203,39.1304347826087,2.89855072463768,0,2.89855072463768,0,97.1014492753623,36.231884057971,21.7391304347826,39.1304347826087
"E01006668",63,31,16,16,7,1,4,2,56,30,12,14,49.2063492063492,25.3968253968254,25.3968253968254,11.1111111111111,1.58730158730159,6.34920634920635,3.17460317460317,88.8888888888889,47.6190476190476,19.047619047619,22.2222222222222
"E01006669",47,18,17,12,3,0,1,2,44,18,16,10,38.2978723404255,36.1702127659575,25.531914893617,6.38297872340426,0,2.12765957446809,4.25531914893617,93.6170212765958,38.2978723404255,34.0425531914894,21.2765957446809
"E01006670",71,27,23,21,11,2,4,5,60,25,19,16,38.0281690140845,32.3943661971831,29.5774647887324,15.4929577464789,2.8169014084507,5.63380281690141,7.04225352112676,84.5070422535211,35.2112676056338,26.7605633802817,22.5352112676056
"E01006671",53,16,12,25,6,1,4,1,47,15,8,24,30.188679245283,22.6415094339623,47.1698113207547,11.3207547169811,1.88679245283019,7.54716981132075,1.88679245283019,88.6792452830189,28.3018867924528,15.0943396226415,45.2830188679245
"E01006672",138,33,20,85,8,1,1,6,130,32,19,79,23.9130434782609,14.4927536231884,61.5942028985507,5.79710144927536,0.72463768115942,0.72463768115942,4.34782608695652,94.2028985507246,23.1884057971014,13.768115942029,57.2463768115942
"E01006673",127,26,20,81,10,2,1,7,117,24,19,74,20.4724409448819,15.748031496063,63.7795275590551,7.8740157480315,1.5748031496063,0.78740157480315,5.51181102362205,92.1259842519685,18.8976377952756,14.9606299212598,58.2677165354331
"E01006674",116,23,13,80,10,0,0,10,106,23,13,70,19.8275862068966,11.2068965517241,68.9655172413793,8.62068965517241,0,0,8.62068965517241,91.3793103448276,19.8275862068966,11.2068965517241,60.3448275862069
"E01006675",46,14,8,24,6,1,0,5,40,13,8,19,30.4347826086957,17.3913043478261,52.1739130434783,13.0434782608696,2.17391304347826,0,10.8695652173913,86.9565217391304,28.2608695652174,17.3913043478261,41.304347826087
"E01006676",147,39,25,83,19,4,1,14,128,35,24,69,26.530612244898,17.0068027210884,56.4625850340136,12.9251700680272,2.72108843537415,0.680272108843537,9.52380952380952,87.0748299319728,23.8095238095238,16.3265306122449,46.9387755102041
"E01006677",97,34,6,57,12,9,0,3,85,25,6,54,35.0515463917526,6.18556701030928,58.7628865979381,12.3711340206186,9.27835051546392,0,3.09278350515464,87.6288659793814,25.7731958762887,6.18556701030928,55.6701030927835
"E01006678",119,36,13,70,22,5,0,17,97,31,13,53,30.2521008403361,10.9243697478992,58.8235294117647,18.4873949579832,4.20168067226891,0,14.2857142857143,81.5126050420168,26.0504201680672,10.9243697478992,44.5378151260504
"E01006679",144,26,12,106,15,2,0,13,129,24,12,93,18.0555555555556,8.33333333333333,73.6111111111111,10.4166666666667,1.38888888888889,0,9.02777777777778,89.5833333333333,16.6666666666667,8.33333333333333,64.5833333333333
"E01006680",34,17,12,5,2,0,2,0,32,17,10,5,50,35.2941176470588,14.7058823529412,5.88235294117647,0,5.88235294117647,0,94.1176470588235,50,29.4117647058824,14.7058823529412
"E01006681",51,18,10,23,5,0,1,4,46,18,9,19,35.2941176470588,19.6078431372549,45.0980392156863,9.80392156862745,0,1.96078431372549,7.84313725490196,90.1960784313726,35.2941176470588,17.6470588235294,37.2549019607843
"E01006682",23,8,11,4,1,0,1,0,22,8,10,4,34.7826086956522,47.8260869565217,17.3913043478261,4.34782608695652,0,4.34782608695652,0,95.6521739130435,34.7826086956522,43.4782608695652,17.3913043478261
"E01006683",21,11,8,2,2,0,2,0,19,11,6,2,52.3809523809524,38.0952380952381,9.52380952380952,9.52380952380952,0,9.52380952380952,0,90.4761904761905,52.3809523809524,28.5714285714286,9.52380952380952
"E01006684",65,20,29,16,12,6,6,0,53,14,23,16,30.7692307692308,44.6153846153846,24.6153846153846,18.4615384615385,9.23076923076923,9.23076923076923,0,81.5384615384615,21.5384615384615,35.3846153846154,24.6153846153846
"E01006685",26,4,12,10,8,1,4,3,18,3,8,7,15.3846153846154,46.1538461538462,38.4615384615385,30.7692307692308,3.84615384615385,15.3846153846154,11.5384615384615,69.2307692307692,11.5384615384615,30.7692307692308,26.9230769230769
"E01006686",23,9,9,5,0,0,0,0,23,9,9,5,39.1304347826087,39.1304347826087,21.7391304347826,0,0,0,0,100,39.1304347826087,39.1304347826087,21.7391304347826
"E01006687",38,13,13,12,4,0,3,1,34,13,10,11,34.2105263157895,34.2105263157895,31.5789473684211,10.5263157894737,0,7.89473684210526,2.63157894736842,89.4736842105263,34.2105263157895,26.3157894736842,28.9473684210526
"E01006688",37,16,10,11,1,0,0,1,36,16,10,10,43.2432432432432,27.027027027027,29.7297297297297,2.7027027027027,0,0,2.7027027027027,97.2972972972973,43.2432432432432,27.027027027027,27.027027027027
"E01006689",35,15,13,7,1,0,1,0,34,15,12,7,42.8571428571429,37.1428571428571,20,2.85714285714286,0,2.85714285714286,0,97.1428571428571,42.8571428571429,34.2857142857143,20
"E01006690",81,24,16,41,4,0,2,2,77,24,14,39,29.6296296296296,19.7530864197531,50.6172839506173,4.93827160493827,0,2.46913580246914,2.46913580246914,95.0617283950617,29.6296296296296,17.2839506172839,48.1481481481481
"E01006691",95,16,15,64,9,0,5,4,86,16,10,60,16.8421052631579,15.7894736842105,67.3684210526316,9.47368421052632,0,5.26315789473684,4.21052631578947,90.5263157894737,16.8421052631579,10.5263157894737,63.1578947368421
"E01006692",110,27,23,60,16,1,9,6,94,26,14,54,24.5454545454545,20.9090909090909,54.5454545454545,14.5454545454545,0.909090909090909,8.18181818181818,5.45454545454545,85.4545454545455,23.6363636363636,12.7272727272727,49.0909090909091
"E01006693",48,15,10,23,2,0,1,1,46,15,9,22,31.25,20.8333333333333,47.9166666666667,4.16666666666667,0,2.08333333333333,2.08333333333333,95.8333333333333,31.25,18.75,45.8333333333333
"E01006694",134,28,29,77,8,1,5,2,126,27,24,75,20.8955223880597,21.6417910447761,57.4626865671642,5.97014925373134,0.746268656716418,3.73134328358209,1.49253731343284,94.0298507462687,20.1492537313433,17.910447761194,55.9701492537313
"E01006695",82,14,13,55,9,0,1,8,73,14,12,47,17.0731707317073,15.8536585365854,67.0731707317073,10.9756097560976,0,1.21951219512195,9.75609756097561,89.0243902439024,17.0731707317073,14.6341463414634,57.3170731707317
"E01006696",100,23,16,61,8,0,2,6,92,23,14,55,23,16,61,8,0,2,6,92,23,14,55
"E01006697",113,15,17,81,6,0,3,3,107,15,14,78,13.2743362831858,15.0442477876106,71.6814159292035,5.30973451327434,0,2.65486725663717,2.65486725663717,94.6902654867257,13.2743362831858,12.3893805309735,69.0265486725664
"E01006698",123,33,24,66,5,2,1,2,118,31,23,64,26.8292682926829,19.5121951219512,53.6585365853659,4.0650406504065,1.6260162601626,0.813008130081301,1.6260162601626,95.9349593495935,25.2032520325203,18.6991869918699,52.0325203252033
"E01006699",142,43,23,76,6,0,1,5,136,43,22,71,30.2816901408451,16.1971830985916,53.5211267605634,4.22535211267606,0,0.704225352112676,3.52112676056338,95.7746478873239,30.2816901408451,15.4929577464789,50
"E01006700",87,22,13,52,10,1,3,6,77,21,10,46,25.2873563218391,14.9425287356322,59.7701149425287,11.4942528735632,1.14942528735632,3.44827586206897,6.89655172413793,88.5057471264368,24.1379310344828,11.4942528735632,52.8735632183908
"E01006701",74,28,11,35,4,1,1,2,70,27,10,33,37.8378378378378,14.8648648648649,47.2972972972973,5.40540540540541,1.35135135135135,1.35135135135135,2.7027027027027,94.5945945945946,36.4864864864865,13.5135135135135,44.5945945945946
"E01006702",130,39,14,77,12,4,1,7,118,35,13,70,30,10.7692307692308,59.2307692307692,9.23076923076923,3.07692307692308,0.769230769230769,5.38461538461539,90.7692307692308,26.9230769230769,10,53.8461538461538
"E01006703",83,21,19,43,6,1,1,4,77,20,18,39,25.3012048192771,22.8915662650602,51.8072289156626,7.2289156626506,1.20481927710843,1.20481927710843,4.81927710843374,92.7710843373494,24.0963855421687,21.6867469879518,46.9879518072289
"E01006705",91,31,13,47,8,2,3,3,83,29,10,44,34.0659340659341,14.2857142857143,51.6483516483517,8.79120879120879,2.1978021978022,3.2967032967033,3.2967032967033,91.2087912087912,31.8681318681319,10.989010989011,48.3516483516484
"E01006706",97,33,13,51,12,4,1,7,85,29,12,44,34.020618556701,13.4020618556701,52.5773195876289,12.3711340206186,4.12371134020619,1.03092783505155,7.21649484536082,87.6288659793814,29.8969072164948,12.3711340206186,45.360824742268
"E01006707",86,25,14,47,5,1,1,3,81,24,13,44,29.0697674418605,16.2790697674419,54.6511627906977,5.81395348837209,1.16279069767442,1.16279069767442,3.48837209302326,94.1860465116279,27.906976744186,15.1162790697674,51.1627906976744
"E01006708",82,30,11,41,3,0,0,3,79,30,11,38,36.5853658536585,13.4146341463415,50,3.65853658536585,0,0,3.65853658536585,96.3414634146341,36.5853658536585,13.4146341463415,46.3414634146341
"E01006709",65,18,19,28,8,0,3,5,57,18,16,23,27.6923076923077,29.2307692307692,43.0769230769231,12.3076923076923,0,4.61538461538462,7.69230769230769,87.6923076923077,27.6923076923077,24.6153846153846,35.3846153846154
"E01006710",101,35,25,41,8,1,4,3,93,34,21,38,34.6534653465347,24.7524752475248,40.5940594059406,7.92079207920792,0.99009900990099,3.96039603960396,2.97029702970297,92.0792079207921,33.6633663366337,20.7920792079208,37.6237623762376
"E01006711",88,33,12,43,6,2,1,3,82,31,11,40,37.5,13.6363636363636,48.8636363636364,6.81818181818182,2.27272727272727,1.13636363636364,3.40909090909091,93.1818181818182,35.2272727272727,12.5,45.4545454545455
"E01006712",70,26,11,33,7,1,4,2,63,25,7,31,37.1428571428571,15.7142857142857,47.1428571428571,10,1.42857142857143,5.71428571428571,2.85714285714286,90,35.7142857142857,10,44.2857142857143
"E01006713",67,26,21,20,5,1,3,1,62,25,18,19,38.8059701492537,31.3432835820896,29.8507462686567,7.46268656716418,1.49253731343284,4.47761194029851,1.49253731343284,92.5373134328358,37.3134328358209,26.865671641791,28.3582089552239
"E01006716",115,41,23,51,15,1,7,7,100,40,16,44,35.6521739130435,20,44.3478260869565,13.0434782608696,0.869565217391304,6.08695652173913,6.08695652173913,86.9565217391304,34.7826086956522,13.9130434782609,38.2608695652174
"E01006717",57,21,18,18,4,1,2,1,53,20,16,17,36.8421052631579,31.5789473684211,31.5789473684211,7.01754385964912,1.75438596491228,3.50877192982456,1.75438596491228,92.9824561403509,35.0877192982456,28.0701754385965,29.8245614035088
"E01006718",59,19,18,22,3,0,3,0,56,19,15,22,32.2033898305085,30.5084745762712,37.2881355932203,5.08474576271187,0,5.08474576271187,0,94.9152542372881,32.2033898305085,25.4237288135593,37.2881355932203
"E01006719",83,27,14,42,3,1,1,1,80,26,13,41,32.5301204819277,16.8674698795181,50.6024096385542,3.6144578313253,1.20481927710843,1.20481927710843,1.20481927710843,96.3855421686747,31.3253012048193,15.6626506024096,49.3975903614458
"E01006720",115,23,15,77,13,5,1,7,102,18,14,70,20,13.0434782608696,66.9565217391304,11.304347826087,4.34782608695652,0.869565217391304,6.08695652173913,88.695652173913,15.6521739130435,12.1739130434783,60.8695652173913
"E01006721",140,43,17,80,10,7,1,2,130,36,16,78,30.7142857142857,12.1428571428571,57.1428571428571,7.14285714285714,5,0.714285714285714,1.42857142857143,92.8571428571429,25.7142857142857,11.4285714285714,55.7142857142857
"E01006722",45,17,8,20,4,0,1,3,41,17,7,17,37.7777777777778,17.7777777777778,44.4444444444444,8.88888888888889,0,2.22222222222222,6.66666666666667,91.1111111111111,37.7777777777778,15.5555555555556,37.7777777777778
"E01006723",44,14,8,22,7,2,2,3,37,12,6,19,31.8181818181818,18.1818181818182,50,15.9090909090909,4.54545454545455,4.54545454545455,6.81818181818182,84.0909090909091,27.2727272727273,13.6363636363636,43.1818181818182
"E01006724",24,7,6,11,4,1,2,1,20,6,4,10,29.1666666666667,25,45.8333333333333,16.6666666666667,4.16666666666667,8.33333333333333,4.16666666666667,83.3333333333333,25,16.6666666666667,41.6666666666667
"E01006725",82,23,16,43,11,6,2,3,71,17,14,40,28.0487804878049,19.5121951219512,52.4390243902439,13.4146341463415,7.31707317073171,2.4390243902439,3.65853658536585,86.5853658536585,20.7317073170732,17.0731707317073,48.780487804878
"E01006726",77,19,12,46,10,2,3,5,67,17,9,41,24.6753246753247,15.5844155844156,59.7402597402597,12.987012987013,2.5974025974026,3.8961038961039,6.49350649350649,87.012987012987,22.0779220779221,11.6883116883117,53.2467532467532
"E01006727",68,27,18,23,11,7,2,2,57,20,16,21,39.7058823529412,26.4705882352941,33.8235294117647,16.1764705882353,10.2941176470588,2.94117647058824,2.94117647058824,83.8235294117647,29.4117647058824,23.5294117647059,30.8823529411765
"E01006728",128,41,11,76,3,0,2,1,125,41,9,75,32.03125,8.59375,59.375,2.34375,0,1.5625,0.78125,97.65625,32.03125,7.03125,58.59375
"E01006729",130,49,20,61,8,1,4,3,122,48,16,58,37.6923076923077,15.3846153846154,46.9230769230769,6.15384615384615,0.769230769230769,3.07692307692308,2.30769230769231,93.8461538461538,36.9230769230769,12.3076923076923,44.6153846153846
"E01006730",88,31,14,43,6,1,2,3,82,30,12,40,35.2272727272727,15.9090909090909,48.8636363636364,6.81818181818182,1.13636363636364,2.27272727272727,3.40909090909091,93.1818181818182,34.0909090909091,13.6363636363636,45.4545454545455
"E01006731",70,15,7,48,5,0,0,5,65,15,7,43,21.4285714285714,10,68.5714285714286,7.14285714285714,0,0,7.14285714285714,92.8571428571429,21.4285714285714,10,61.4285714285714
"E01006732",150,47,20,83,3,0,1,2,147,47,19,81,31.3333333333333,13.3333333333333,55.3333333333333,2,0,0.666666666666667,1.33333333333333,98,31.3333333333333,12.6666666666667,54
"E01006734",151,47,17,87,18,6,3,9,133,41,14,78,31.1258278145695,11.2582781456954,57.6158940397351,11.9205298013245,3.97350993377483,1.98675496688742,5.96026490066225,88.0794701986755,27.1523178807947,9.27152317880795,51.6556291390728
"E01006735",93,30,11,52,7,0,4,3,86,30,7,49,32.258064516129,11.8279569892473,55.9139784946236,7.52688172043011,0,4.3010752688172,3.2258064516129,92.4731182795699,32.258064516129,7.52688172043011,52.6881720430108
"E01006736",95,26,15,54,3,0,2,1,92,26,13,53,27.3684210526316,15.7894736842105,56.8421052631579,3.15789473684211,0,2.10526315789474,1.05263157894737,96.8421052631579,27.3684210526316,13.6842105263158,55.7894736842105
"E01006737",87,25,16,46,3,0,1,2,84,25,15,44,28.735632183908,18.3908045977011,52.8735632183908,3.44827586206897,0,1.14942528735632,2.29885057471264,96.551724137931,28.735632183908,17.2413793103448,50.5747126436782
"E01006738",111,34,12,65,3,0,0,3,108,34,12,62,30.6306306306306,10.8108108108108,58.5585585585586,2.7027027027027,0,0,2.7027027027027,97.2972972972973,30.6306306306306,10.8108108108108,55.8558558558559
"E01006739",128,39,17,72,8,1,1,6,120,38,16,66,30.46875,13.28125,56.25,6.25,0.78125,0.78125,4.6875,93.75,29.6875,12.5,51.5625
"E01006740",94,29,5,60,8,1,2,5,86,28,3,55,30.8510638297872,5.31914893617021,63.8297872340426,8.51063829787234,1.06382978723404,2.12765957446809,5.31914893617021,91.4893617021277,29.7872340425532,3.19148936170213,58.5106382978723
"E01006741",106,34,15,57,8,1,2,5,98,33,13,52,32.0754716981132,14.1509433962264,53.7735849056604,7.54716981132075,0.943396226415094,1.88679245283019,4.71698113207547,92.4528301886792,31.1320754716981,12.2641509433962,49.0566037735849
"E01006742",51,19,10,22,3,0,1,2,48,19,9,20,37.2549019607843,19.6078431372549,43.1372549019608,5.88235294117647,0,1.96078431372549,3.92156862745098,94.1176470588235,37.2549019607843,17.6470588235294,39.2156862745098
"E01006743",125,38,32,55,11,3,3,5,114,35,29,50,30.4,25.6,44,8.8,2.4,2.4,4,91.2,28,23.2,40
"E01006744",87,31,19,37,1,0,1,0,86,31,18,37,35.632183908046,21.8390804597701,42.5287356321839,1.14942528735632,0,1.14942528735632,0,98.8505747126437,35.632183908046,20.6896551724138,42.5287356321839
"E01006745",132,49,15,68,12,3,1,8,120,46,14,60,37.1212121212121,11.3636363636364,51.5151515151515,9.09090909090909,2.27272727272727,0.757575757575758,6.06060606060606,90.9090909090909,34.8484848484849,10.6060606060606,45.4545454545455
"E01006746",68,17,7,44,3,2,0,1,65,15,7,43,25,10.2941176470588,64.7058823529412,4.41176470588235,2.94117647058824,0,1.47058823529412,95.5882352941177,22.0588235294118,10.2941176470588,63.2352941176471
"E01006747",38,14,3,21,3,0,2,1,35,14,1,20,36.8421052631579,7.89473684210526,55.2631578947368,7.89473684210526,0,5.26315789473684,2.63157894736842,92.1052631578947,36.8421052631579,2.63157894736842,52.6315789473684
"E01006748",61,26,11,24,2,0,0,2,59,26,11,22,42.6229508196721,18.0327868852459,39.344262295082,3.27868852459016,0,0,3.27868852459016,96.7213114754098,42.6229508196721,18.0327868852459,36.0655737704918
"E01006751",112,36,10,66,11,0,4,7,101,36,6,59,32.1428571428571,8.92857142857143,58.9285714285714,9.82142857142857,0,3.57142857142857,6.25,90.1785714285714,32.1428571428571,5.35714285714286,52.6785714285714
"E01006752",50,12,8,30,9,1,1,7,41,11,7,23,24,16,60,18,2,2,14,82,22,14,46
"E01006753",126,33,19,74,7,2,3,2,119,31,16,72,26.1904761904762,15.0793650793651,58.7301587301587,5.55555555555556,1.58730158730159,2.38095238095238,1.58730158730159,94.4444444444444,24.6031746031746,12.6984126984127,57.1428571428571
"E01006754",121,38,14,69,11,0,1,10,110,38,13,59,31.404958677686,11.5702479338843,57.0247933884297,9.09090909090909,0,0.826446280991736,8.26446280991736,90.9090909090909,31.404958677686,10.7438016528926,48.7603305785124
"E01006755",140,33,13,94,9,2,2,5,131,31,11,89,23.5714285714286,9.28571428571429,67.1428571428571,6.42857142857143,1.42857142857143,1.42857142857143,3.57142857142857,93.5714285714286,22.1428571428571,7.85714285714286,63.5714285714286
"E01006756",170,52,27,91,16,7,3,6,154,45,24,85,30.5882352941176,15.8823529411765,53.5294117647059,9.41176470588235,4.11764705882353,1.76470588235294,3.52941176470588,90.5882352941177,26.4705882352941,14.1176470588235,50
"E01006757",119,37,11,71,10,4,2,4,109,33,9,67,31.0924369747899,9.2436974789916,59.6638655462185,8.40336134453782,3.36134453781513,1.68067226890756,3.36134453781513,91.5966386554622,27.7310924369748,7.56302521008403,56.3025210084034
"E01006758",124,33,21,70,10,1,5,4,114,32,16,66,26.6129032258064,16.9354838709677,56.4516129032258,8.06451612903226,0.806451612903226,4.03225806451613,3.2258064516129,91.9354838709677,25.8064516129032,12.9032258064516,53.2258064516129
"E01006759",51,18,14,19,9,3,1,5,42,15,13,14,35.2941176470588,27.4509803921569,37.2549019607843,17.6470588235294,5.88235294117647,1.96078431372549,9.80392156862745,82.3529411764706,29.4117647058824,25.4901960784314,27.4509803921569
"E01006760",50,14,12,24,12,0,1,11,38,14,11,13,28,24,48,24,0,2,22,76,28,22,26
"E01006761",85,34,16,35,5,3,1,1,80,31,15,34,40,18.8235294117647,41.1764705882353,5.88235294117647,3.52941176470588,1.17647058823529,1.17647058823529,94.1176470588235,36.4705882352941,17.6470588235294,40
"E01006762",107,34,19,54,10,3,5,2,97,31,14,52,31.7757009345794,17.7570093457944,50.4672897196262,9.34579439252336,2.80373831775701,4.67289719626168,1.86915887850467,90.6542056074766,28.9719626168224,13.0841121495327,48.5981308411215
"E01006763",97,36,14,47,8,2,2,4,89,34,12,43,37.1134020618557,14.4329896907216,48.4536082474227,8.24742268041237,2.06185567010309,2.06185567010309,4.12371134020619,91.7525773195876,35.0515463917526,12.3711340206186,44.3298969072165
"E01006764",88,25,16,47,5,2,3,0,83,23,13,47,28.4090909090909,18.1818181818182,53.4090909090909,5.68181818181818,2.27272727272727,3.40909090909091,0,94.3181818181818,26.1363636363636,14.7727272727273,53.4090909090909
"E01006765",90,24,26,40,6,1,3,2,84,23,23,38,26.6666666666667,28.8888888888889,44.4444444444444,6.66666666666667,1.11111111111111,3.33333333333333,2.22222222222222,93.3333333333333,25.5555555555556,25.5555555555556,42.2222222222222
"E01006766",99,38,14,47,15,5,2,8,84,33,12,39,38.3838383838384,14.1414141414141,47.4747474747475,15.1515151515152,5.05050505050505,2.02020202020202,8.08080808080808,84.8484848484848,33.3333333333333,12.1212121212121,39.3939393939394
"E01006767",112,39,22,51,5,0,2,3,107,39,20,48,34.8214285714286,19.6428571428571,45.5357142857143,4.46428571428571,0,1.78571428571429,2.67857142857143,95.5357142857143,34.8214285714286,17.8571428571429,42.8571428571429
"E01006768",37,9,13,15,6,2,3,1,31,7,10,14,24.3243243243243,35.1351351351351,40.5405405405405,16.2162162162162,5.40540540540541,8.10810810810811,2.7027027027027,83.7837837837838,18.9189189189189,27.027027027027,37.8378378378378
"E01006769",76,18,21,37,9,0,6,3,67,18,15,34,23.6842105263158,27.6315789473684,48.6842105263158,11.8421052631579,0,7.89473684210526,3.94736842105263,88.1578947368421,23.6842105263158,19.7368421052632,44.7368421052632
"E01006770",61,23,13,25,4,0,3,1,57,23,10,24,37.7049180327869,21.3114754098361,40.9836065573771,6.55737704918033,0,4.91803278688525,1.63934426229508,93.4426229508197,37.7049180327869,16.3934426229508,39.344262295082
"E01006771",99,38,10,51,1,0,0,1,98,38,10,50,38.3838383838384,10.1010101010101,51.5151515151515,1.01010101010101,0,0,1.01010101010101,98.989898989899,38.3838383838384,10.1010101010101,50.5050505050505
"E01006772",41,18,11,12,5,2,3,0,36,16,8,12,43.9024390243902,26.8292682926829,29.2682926829268,12.1951219512195,4.8780487804878,7.31707317073171,0,87.8048780487805,39.0243902439024,19.5121951219512,29.2682926829268
"E01006773",39,17,17,5,6,0,4,2,33,17,13,3,43.5897435897436,43.5897435897436,12.8205128205128,15.3846153846154,0,10.2564102564103,5.12820512820513,84.6153846153846,43.5897435897436,33.3333333333333,7.69230769230769
"E01006774",37,13,10,14,2,0,1,1,35,13,9,13,35.1351351351351,27.027027027027,37.8378378378378,5.40540540540541,0,2.7027027027027,2.7027027027027,94.5945945945946,35.1351351351351,24.3243243243243,35.1351351351351
"E01006775",68,26,9,33,4,0,0,4,64,26,9,29,38.2352941176471,13.2352941176471,48.5294117647059,5.88235294117647,0,0,5.88235294117647,94.1176470588235,38.2352941176471,13.2352941176471,42.6470588235294
"E01006776",83,32,15,36,4,2,0,2,79,30,15,34,38.5542168674699,18.0722891566265,43.3734939759036,4.81927710843374,2.40963855421687,0,2.40963855421687,95.1807228915663,36.144578313253,18.0722891566265,40.9638554216867
"E01006778",160,53,22,85,8,1,2,5,152,52,20,80,33.125,13.75,53.125,5,0.625,1.25,3.125,95,32.5,12.5,50
"E01006779",168,42,21,105,10,0,0,10,158,42,21,95,25,12.5,62.5,5.95238095238095,0,0,5.95238095238095,94.0476190476191,25,12.5,56.547619047619
"E01006780",61,18,21,22,8,0,5,3,53,18,16,19,29.5081967213115,34.4262295081967,36.0655737704918,13.1147540983607,0,8.19672131147541,4.91803278688525,86.8852459016393,29.5081967213115,26.2295081967213,31.1475409836066
"E01006781",44,23,11,10,2,1,0,1,42,22,11,9,52.2727272727273,25,22.7272727272727,4.54545454545455,2.27272727272727,0,2.27272727272727,95.4545454545455,50,25,20.4545454545455
"E01006782",75,23,33,19,3,0,3,0,72,23,30,19,30.6666666666667,44,25.3333333333333,4,0,4,0,96,30.6666666666667,40,25.3333333333333
"E01006783",83,28,21,34,4,1,2,1,79,27,19,33,33.7349397590361,25.3012048192771,40.9638554216867,4.81927710843374,1.20481927710843,2.40963855421687,1.20481927710843,95.1807228915663,32.5301204819277,22.8915662650602,39.7590361445783
"E01006784",49,22,10,17,4,1,3,0,45,21,7,17,44.8979591836735,20.4081632653061,34.6938775510204,8.16326530612245,2.04081632653061,6.12244897959184,0,91.8367346938776,42.8571428571429,14.2857142857143,34.6938775510204
"E01006785",86,19,26,41,13,0,7,6,73,19,19,35,22.093023255814,30.2325581395349,47.6744186046512,15.1162790697674,0,8.13953488372093,6.97674418604651,84.8837209302326,22.093023255814,22.093023255814,40.6976744186046
"E01006786",55,21,18,16,2,0,2,0,53,21,16,16,38.1818181818182,32.7272727272727,29.0909090909091,3.63636363636364,0,3.63636363636364,0,96.3636363636364,38.1818181818182,29.0909090909091,29.0909090909091
"E01006787",72,22,18,32,16,2,5,9,56,20,13,23,30.5555555555556,25,44.4444444444444,22.2222222222222,2.77777777777778,6.94444444444444,12.5,77.7777777777778,27.7777777777778,18.0555555555556,31.9444444444444
"E01006788",98,29,24,45,10,2,3,5,88,27,21,40,29.5918367346939,24.4897959183673,45.9183673469388,10.2040816326531,2.04081632653061,3.06122448979592,5.10204081632653,89.7959183673469,27.5510204081633,21.4285714285714,40.8163265306122
"E01006790",148,57,18,73,4,0,2,2,144,57,16,71,38.5135135135135,12.1621621621622,49.3243243243243,2.7027027027027,0,1.35135135135135,1.35135135135135,97.2972972972973,38.5135135135135,10.8108108108108,47.972972972973
"E01006791",91,31,14,46,5,0,2,3,86,31,12,43,34.0659340659341,15.3846153846154,50.5494505494505,5.49450549450549,0,2.1978021978022,3.2967032967033,94.5054945054945,34.0659340659341,13.1868131868132,47.2527472527472
"E01006792",19,7,9,3,4,1,3,0,15,6,6,3,36.8421052631579,47.3684210526316,15.7894736842105,21.0526315789474,5.26315789473684,15.7894736842105,0,78.9473684210526,31.5789473684211,31.5789473684211,15.7894736842105
"E01006793",56,19,9,28,3,0,0,3,53,19,9,25,33.9285714285714,16.0714285714286,50,5.35714285714286,0,0,5.35714285714286,94.6428571428571,33.9285714285714,16.0714285714286,44.6428571428571
"E01006794",42,13,13,16,3,1,1,1,39,12,12,15,30.952380952381,30.952380952381,38.0952380952381,7.14285714285714,2.38095238095238,2.38095238095238,2.38095238095238,92.8571428571429,28.5714285714286,28.5714285714286,35.7142857142857
"E01006795",27,9,12,6,4,0,3,1,23,9,9,5,33.3333333333333,44.4444444444444,22.2222222222222,14.8148148148148,0,11.1111111111111,3.7037037037037,85.1851851851852,33.3333333333333,33.3333333333333,18.5185185185185
"E01006796",9,4,2,3,3,0,2,1,6,4,0,2,44.4444444444444,22.2222222222222,33.3333333333333,33.3333333333333,0,22.2222222222222,11.1111111111111,66.6666666666667,44.4444444444444,0,22.2222222222222
"E01006797",64,15,15,34,8,1,2,5,56,14,13,29,23.4375,23.4375,53.125,12.5,1.5625,3.125,7.8125,87.5,21.875,20.3125,45.3125
"E01006798",28,6,11,11,2,0,2,0,26,6,9,11,21.4285714285714,39.2857142857143,39.2857142857143,7.14285714285714,0,7.14285714285714,0,92.8571428571429,21.4285714285714,32.1428571428571,39.2857142857143
"E01006799",46,21,7,18,6,0,3,3,40,21,4,15,45.6521739130435,15.2173913043478,39.1304347826087,13.0434782608696,0,6.52173913043478,6.52173913043478,86.9565217391304,45.6521739130435,8.69565217391304,32.6086956521739
"E01006800",20,7,9,4,5,1,4,0,15,6,5,4,35,45,20,25,5,20,0,75,30,25,20
"E01006801",17,6,7,4,2,0,1,1,15,6,6,3,35.2941176470588,41.1764705882353,23.5294117647059,11.7647058823529,0,5.88235294117647,5.88235294117647,88.2352941176471,35.2941176470588,35.2941176470588,17.6470588235294
"E01032505",57,18,16,23,1,0,1,0,56,18,15,23,31.5789473684211,28.0701754385965,40.3508771929825,1.75438596491228,0,1.75438596491228,0,98.2456140350877,31.5789473684211,26.3157894736842,40.3508771929825
"E01032506",56,17,11,28,5,0,2,3,51,17,9,25,30.3571428571429,19.6428571428571,50,8.92857142857143,0,3.57142857142857,5.35714285714286,91.0714285714286,30.3571428571429,16.0714285714286,44.6428571428571
"E01032507",48,10,16,22,2,2,0,0,46,8,16,22,20.8333333333333,33.3333333333333,45.8333333333333,4.16666666666667,4.16666666666667,0,0,95.8333333333333,16.6666666666667,33.3333333333333,45.8333333333333
"E01032508",105,21,21,63,10,1,5,4,95,20,16,59,20,20,60,9.52380952380952,0.952380952380952,4.76190476190476,3.80952380952381,90.4761904761905,19.047619047619,15.2380952380952,56.1904761904762
"E01032509",106,36,15,55,8,0,1,7,98,36,14,48,33.9622641509434,14.1509433962264,51.8867924528302,7.54716981132075,0,0.943396226415094,6.60377358490566,92.4528301886792,33.9622641509434,13.2075471698113,45.2830188679245
"E01032510",76,33,17,26,1,0,0,1,75,33,17,25,43.421052631579,22.3684210526316,34.2105263157895,1.31578947368421,0,0,1.31578947368421,98.6842105263158,43.421052631579,22.3684210526316,32.8947368421053
"E01032511",71,15,13,43,7,0,4,3,64,15,9,40,21.1267605633803,18.3098591549296,60.5633802816901,9.85915492957746,0,5.63380281690141,4.22535211267606,90.1408450704225,21.1267605633803,12.6760563380282,56.3380281690141
"E01033747",72,15,9,48,3,1,0,2,69,14,9,46,20.8333333333333,12.5,66.6666666666667,4.16666666666667,1.38888888888889,0,2.77777777777778,95.8333333333333,19.4444444444444,12.5,63.8888888888889
"E01033748",31,6,7,18,2,1,0,1,29,5,7,17,19.3548387096774,22.5806451612903,58.0645161290323,6.45161290322581,3.2258064516129,0,3.2258064516129,93.5483870967742,16.1290322580645,22.5806451612903,54.8387096774194
"E01033749",11,3,2,6,1,1,0,0,10,2,2,6,27.2727272727273,18.1818181818182,54.5454545454545,9.09090909090909,9.09090909090909,0,0,90.9090909090909,18.1818181818182,18.1818181818182,54.5454545454545
"E01033750",17,6,6,5,4,1,1,2,13,5,5,3,35.2941176470588,35.2941176470588,29.4117647058824,23.5294117647059,5.88235294117647,5.88235294117647,11.7647058823529,76.4705882352941,29.4117647058824,29.4117647058824,17.6470588235294
"E01033751",37,11,4,22,3,0,1,2,34,11,3,20,29.7297297297297,10.8108108108108,59.4594594594595,8.10810810810811,0,2.7027027027027,5.40540540540541,91.8918918918919,29.7297297297297,8.10810810810811,54.0540540540541
"E01033752",3,3,0,0,0,0,0,0,3,3,0,0,100,0,0,0,0,0,0,100,100,0,0
"E01033753",2,1,1,0,1,1,0,0,1,0,1,0,50,50,0,50,50,0,0,50,0,50,0
"E01033754",27,10,4,13,3,1,1,1,24,9,3,12,37.037037037037,14.8148148148148,48.1481481481481,11.1111111111111,3.7037037037037,3.7037037037037,3.7037037037037,88.8888888888889,33.3333333333333,11.1111111111111,44.4444444444444
"E01033755",5,2,2,1,0,0,0,0,5,2,2,1,40,40,20,0,0,0,0,100,40,40,20
"E01033756",6,2,1,3,1,0,1,0,5,2,0,3,33.3333333333333,16.6666666666667,50,16.6666666666667,0,16.6666666666667,0,83.3333333333333,33.3333333333333,0,50
"E01033757",21,7,7,7,2,0,1,1,19,7,6,6,33.3333333333333,33.3333333333333,33.3333333333333,9.52380952380952,0,4.76190476190476,4.76190476190476,90.4761904761905,33.3333333333333,28.5714285714286,28.5714285714286
"E01033758",17,8,4,5,0,0,0,0,17,8,4,5,47.0588235294118,23.5294117647059,29.4117647058824,0,0,0,0,100,47.0588235294118,23.5294117647059,29.4117647058824
"E01033759",77,20,16,41,5,0,3,2,72,20,13,39,25.974025974026,20.7792207792208,53.2467532467532,6.49350649350649,0,3.8961038961039,2.5974025974026,93.5064935064935,25.974025974026,16.8831168831169,50.6493506493506
"E01033760",9,3,3,3,3,2,1,0,6,1,2,3,33.3333333333333,33.3333333333333,33.3333333333333,33.3333333333333,22.2222222222222,11.1111111111111,0,66.6666666666667,11.1111111111111,22.2222222222222,33.3333333333333
"E01033761",8,4,2,2,1,0,0,1,7,4,2,1,50,25,25,12.5,0,0,12.5,87.5,50,25,12.5
"E01033762",5,4,0,1,0,0,0,0,5,4,0,1,80,0,20,0,0,0,0,100,80,0,20
"E01033763",45,10,6,29,2,0,0,2,43,10,6,27,22.2222222222222,13.3333333333333,64.4444444444444,4.44444444444444,0,0,4.44444444444444,95.5555555555556,22.2222222222222,13.3333333333333,60
"E01033764",138,37,18,83,15,3,2,10,123,34,16,73,26.8115942028986,13.0434782608696,60.1449275362319,10.8695652173913,2.17391304347826,1.44927536231884,7.2463768115942,89.1304347826087,24.6376811594203,11.5942028985507,52.8985507246377
"E01033765",94,28,10,56,5,0,3,2,89,28,7,54,29.7872340425532,10.6382978723404,59.5744680851064,5.31914893617021,0,3.19148936170213,2.12765957446809,94.6808510638298,29.7872340425532,7.4468085106383,57.4468085106383
"E01033766",33,13,10,10,2,0,2,0,31,13,8,10,39.3939393939394,30.3030303030303,30.3030303030303,6.06060606060606,0,6.06060606060606,0,93.9393939393939,39.3939393939394,24.2424242424242,30.3030303030303
"E01033767",105,31,14,60,8,1,3,4,97,30,11,56,29.5238095238095,13.3333333333333,57.1428571428571,7.61904761904762,0.952380952380952,2.85714285714286,3.80952380952381,92.3809523809524,28.5714285714286,10.4761904761905,53.3333333333333
"E01033768",37,10,8,19,4,2,2,0,33,8,6,19,27.027027027027,21.6216216216216,51.3513513513513,10.8108108108108,5.40540540540541,5.40540540540541,0,89.1891891891892,21.6216216216216,16.2162162162162,51.3513513513513
