"GeographyCode","KS604EW0001","KS604EW0002","KS604EW0003","KS604EW0004","KS604EW0005","KS604EW0006","KS604EW0007","KS604EW0008","KS604EW0009","KS604EW0010","KS604EW0011","KS604EW0012","KS604EW0013","KS604EW0014","KS604EW0015","KS604EW0016","KS604EW0017","KS604EW0018","KS604EW0019","KS604EW0020","KS604EW0021","KS604EW0022","KS604EW0023","KS604EW0024","KS604EW0025","KS604EW0026","KS604EW0027","KS604EW0028","KS604EW0029"
"E02001347",3378,248,772,2050,308,1660,72,198,1146,244,1718,176,574,904,64,7.34162226169331,22.8537596210776,60.6867969212552,9.11782119597395,49.141503848431,2.13143872113677,5.86145648312611,33.9253996447602,7.22320899940793,50.858496151569,5.21018354055654,16.9923031379514,26.761397276495,1.89461219656602
"E02001348",3473,217,756,2209,291,1747,67,190,1265,225,1726,150,566,944,66,6.2482004031097,21.7679239850274,63.6049524906421,8.37892312122085,50.3023322775698,1.92916786639793,5.47077454650158,36.4238410596026,6.47854880506766,49.6976677224302,4.31903253671178,16.2971494385258,27.1811114310394,1.90037431615318
"E02001349",4057,281,826,2627,323,2061,103,194,1516,248,1996,178,632,1111,75,6.9263002218388,20.3598718264728,64.7522800098595,7.96154794182894,50.8010845452305,2.53882178949963,4.78185851614493,37.3675129405965,6.1128912989894,49.1989154547695,4.38747843233917,15.5780133103278,27.384767069263,1.84865664283954
"E02001350",3082,210,734,1899,239,1513,68,170,1085,190,1569,142,564,814,49,6.81375730045425,23.8157040882544,61.6158338741077,7.75470473718365,49.0914990266061,2.20635950681376,5.51589876703439,35.2044127190136,6.16482803374432,50.9085009733939,4.60739779364049,18.29980532122,26.4114211550941,1.58987670343933
"E02001351",3315,264,848,1965,238,1693,92,263,1152,186,1622,172,585,813,52,7.96380090497737,25.5806938159879,59.2760180995475,7.17948717948718,51.0708898944193,2.77526395173454,7.93363499245852,34.7511312217195,5.61085972850679,48.9291101055807,5.18853695324284,17.6470588235294,24.5248868778281,1.56862745098039
"E02001352",2995,206,780,1769,240,1699,77,302,1118,202,1296,129,478,651,38,6.87813021702838,26.0434056761269,59.0651085141903,8.01335559265442,56.7278797996661,2.57095158597663,10.0834724540902,37.3288814691152,6.74457429048414,43.2721202003339,4.30717863105175,15.9599332220367,21.7362270450751,1.26878130217028
"E02001353",3971,293,842,2438,398,1945,93,177,1384,291,2026,200,665,1054,107,7.37849408209519,21.2037270209015,61.3951145807101,10.0226643162931,48.9801057668094,2.3419793502896,4.45731553764795,34.8526819440947,7.32812893477713,51.0198942331906,5.03651473180559,16.7464114832536,26.5424326366155,2.69453538151599
"E02001354",3093,277,814,1788,214,1512,110,189,1037,176,1581,167,625,751,38,8.95570643388296,26.3174911089557,57.807953443259,6.91884901390236,48.8845780795344,3.55641771742645,6.1105722599418,33.5273197542839,5.69026834788231,51.1154219204656,5.39928871645651,20.2069188490139,24.2806336889751,1.22858066602005
"E02001355",2783,215,660,1687,221,1403,74,177,981,171,1380,141,483,706,50,7.72547610492274,23.7154150197628,60.6180380883938,7.94107078692059,50.4132231404959,2.65900107797341,6.3600431189364,35.2497305066475,6.14444843693856,49.5867768595041,5.06647502694934,17.3553719008264,25.3683075817463,1.79662234998203
"E02001356",1896,145,514,1103,134,885,47,123,619,96,1011,98,391,484,38,7.64767932489451,27.1097046413502,58.1751054852321,7.06751054852321,46.6772151898734,2.4789029535865,6.4873417721519,32.6476793248945,5.06329113924051,53.3227848101266,5.16877637130802,20.6223628691983,25.5274261603376,2.0042194092827
"E02001357",2460,211,672,1431,146,1159,74,161,798,126,1301,137,511,633,20,8.57723577235772,27.3170731707317,58.1707317073171,5.9349593495935,47.1138211382114,3.00813008130081,6.54471544715447,32.4390243902439,5.1219512195122,52.8861788617886,5.56910569105691,20.7723577235772,25.7317073170732,0.813008130081301
"E02001358",2875,205,697,1787,186,1410,56,163,1048,143,1465,149,534,739,43,7.1304347826087,24.2434782608696,62.1565217391304,6.4695652173913,49.0434782608696,1.94782608695652,5.6695652173913,36.4521739130435,4.97391304347826,50.9565217391304,5.18260869565217,18.5739130434783,25.704347826087,1.49565217391304
"E02001359",2765,235,619,1642,269,1384,81,149,942,212,1381,154,470,700,57,8.49909584086799,22.3869801084991,59.3851717902351,9.72875226039783,50.0542495479204,2.92947558770344,5.38878842676311,34.0687160940325,7.66726943942134,49.9457504520796,5.56962025316456,16.998191681736,25.3164556962025,2.06148282097649
"E02001360",2987,208,812,1739,228,1521,77,229,1029,186,1466,131,583,710,42,6.96350853699364,27.1844660194175,58.2189487780382,7.63307666555072,50.920656176766,2.57783729494476,7.66655507197857,34.4492802142618,6.22698359558085,49.079343823234,4.38567124204888,19.5179109474389,23.7696685637764,1.40609306996987
"E02001361",3144,265,778,1887,214,1537,68,191,1102,176,1607,197,587,785,38,8.42875318066158,24.7455470737914,60.0190839694656,6.80661577608142,48.8867684478371,2.16284987277354,6.07506361323155,35.0508905852417,5.59796437659033,51.1132315521629,6.26590330788804,18.6704834605598,24.9681933842239,1.20865139949109
"E02001362",3206,262,750,1979,215,1596,91,176,1159,170,1610,171,574,820,45,8.17217716781036,23.3936369307548,61.7280099812851,6.70617592014972,49.7816593886463,2.83842794759825,5.48970679975047,36.1509669369931,5.30255770430443,50.2183406113537,5.3337492202121,17.9039301310044,25.577043044292,1.40361821584529
"E02001363",2913,206,774,1686,247,1362,68,165,952,177,1551,138,609,734,70,7.07174733951253,26.5705458290422,57.8784757981462,8.479231033299,46.7559217301751,2.33436319945074,5.66426364572606,32.6810847923103,6.07621009268795,53.2440782698249,4.73738414006179,20.9062821833162,25.1973910058359,2.40302094061105
"E02001364",1769,170,439,1035,125,899,60,124,626,89,870,110,315,409,36,9.60994912379876,24.816280384398,58.5076314301865,7.06613906161673,50.8196721311475,3.39174674957603,7.0096099491238,35.3872244205766,5.03109101187111,49.1803278688525,6.21820237422272,17.8066704352742,23.1204070096099,2.03504804974562
"E02001365",3544,294,893,2125,232,1779,107,264,1232,176,1765,187,629,893,56,8.29571106094808,25.1975169300226,59.9604966139955,6.54627539503386,50.1975169300226,3.01918735891648,7.44920993227991,34.7629796839729,4.96613995485327,49.8024830699774,5.2765237020316,17.7483069977427,25.1975169300226,1.58013544018059
"E02001366",3844,301,849,2400,294,1981,120,243,1393,225,1863,181,606,1007,69,7.83038501560874,22.0863683662851,62.4349635796046,7.64828303850156,51.5348595213319,3.12174817898023,6.32154006243496,36.2382934443288,5.85327783558793,48.4651404786681,4.70863683662851,15.7648283038502,26.1966701352758,1.79500520291363
"E02001367",4487,373,907,2747,460,2255,125,217,1552,361,2232,248,690,1195,99,8.31290394472922,20.2139514151995,61.2213059950969,10.2518386449744,50.2562959661244,2.78582571874304,4.83619344773791,34.5888121239135,8.04546467572989,49.7437040338756,5.52707822598618,15.3777579674616,26.6324938711834,2.20637396924448
"E02001368",1889,152,512,1098,127,915,49,146,617,103,974,103,366,481,24,8.04658549497088,27.1042879830598,58.1259925886713,6.72313393329804,48.438327157226,2.59396506087877,7.7289571201694,32.6627845420858,5.45262043409211,51.561672842774,5.45262043409211,19.3753308628904,25.4632080465855,1.27051349920593
"E02001369",2898,237,705,1724,232,1518,93,182,1065,178,1380,144,523,659,54,8.17805383022774,24.3271221532091,59.4893029675638,8.00552104899931,52.3809523809524,3.20910973084886,6.28019323671498,36.7494824016563,6.14216701173223,47.6190476190476,4.96894409937888,18.0469289164941,22.7398205659075,1.86335403726708
"E02001370",1724,147,490,969,118,837,53,142,554,88,887,94,348,415,30,8.52668213457077,28.4222737819026,56.2064965197216,6.84454756380511,48.5498839907193,3.07424593967517,8.23665893271462,32.1345707656613,5.10440835266821,51.4501160092807,5.45243619489559,20.1856148491879,24.0719257540603,1.74013921113689
"E02001371",2936,221,743,1760,212,1378,73,185,949,171,1558,148,558,811,41,7.52724795640327,25.3065395095368,59.9455040871935,7.22070844686648,46.9346049046322,2.48637602179837,6.30108991825613,32.3228882833787,5.82425068119891,53.0653950953678,5.0408719346049,19.0054495912807,27.6226158038147,1.39645776566757
"E02001372",2688,205,611,1629,243,1348,75,157,918,198,1340,130,454,711,45,7.6264880952381,22.7306547619048,60.6026785714286,9.04017857142857,50.1488095238095,2.79017857142857,5.84077380952381,34.1517857142857,7.36607142857143,49.8511904761905,4.83630952380952,16.889880952381,26.4508928571429,1.67410714285714
"E02001373",4003,287,986,2438,292,1992,95,275,1403,219,2011,192,711,1035,73,7.16962278291282,24.6315263552336,60.904321758681,7.29452910317262,49.7626779915064,2.3732200849363,6.86984761428928,35.0487134649013,5.47089682737947,50.2373220084936,4.79640269797652,17.7616787409443,25.8556082937797,1.82363227579315
"E02001374",3372,337,731,2014,290,1884,149,267,1246,222,1488,188,464,768,68,9.99406880189798,21.6785290628707,59.7271648873072,8.60023724792408,55.8718861209964,4.41874258600237,7.91814946619217,36.9513641755635,6.58362989323843,44.1281138790036,5.57532621589561,13.7603795966785,22.7758007117438,2.01660735468565
"E02001375",2983,216,669,1890,208,1442,76,160,1049,157,1541,140,509,841,51,7.24103251759973,22.4270868253436,63.3590345289976,6.972846128059,48.3405967147167,2.54777070063694,5.36372779081462,35.1659403285283,5.26315789473684,51.6594032852833,4.69326181696279,17.063359034529,28.1930942004693,1.70968823332216
"E02001376",2997,325,849,1631,192,1575,120,337,982,136,1422,205,512,649,56,10.8441775108442,28.3283283283283,54.4210877544211,6.40640640640641,52.5525525525526,4.004004004004,11.2445779112446,32.7660994327661,4.53787120453787,47.4474474474475,6.84017350684017,17.0837504170838,21.654988321655,1.86853520186854
"E02001377",3305,948,783,1365,209,1670,393,313,803,161,1635,555,470,562,48,28.6838124054463,23.6913767019667,41.3010590015129,6.32375189107413,50.5295007564297,11.8910741301059,9.47049924357035,24.2965204236006,4.8714069591528,49.4704992435704,16.7927382753404,14.2208774583964,17.0045385779123,1.45234493192133
"E02001378",3509,268,729,2189,323,1792,91,210,1256,235,1717,177,519,933,88,7.63750356226845,20.775149615275,62.3824451410658,9.20490168139071,51.0686805357652,2.59333143345683,5.98461100028498,35.7936734112283,6.6970646907951,48.9313194642348,5.04417212881163,14.79053861499,26.5887717298376,2.50783699059561
"E02001380",3718,300,790,2286,342,1846,97,185,1322,242,1872,203,605,964,100,8.06885422270038,21.2479827864443,61.4846691769769,9.19849381387843,49.6503496503497,2.60892953200646,4.9757934373319,35.5567509413663,6.50887573964497,50.3496503496504,5.45992469069392,16.2721893491124,25.9279182356105,2.68961807423346
"E02001381",3907,495,884,2242,286,2042,212,351,1272,207,1865,283,533,970,79,12.6695674430509,22.6260557972869,57.3841822370105,7.32019452265165,52.265165088303,5.42615817762989,8.98387509598157,32.5569490657794,5.29818274891221,47.734834911697,7.24340926542104,13.6421807013053,24.8272331712311,2.02201177373944
"E02001382",3635,325,743,2205,362,1844,130,165,1283,266,1791,195,578,922,96,8.94085281980743,20.4401650618982,60.6602475928473,9.95873452544704,50.7290233837689,3.57634112792297,4.53920220082531,35.2957359009629,7.31774415405777,49.2709766162311,5.36451169188446,15.9009628610729,25.3645116918845,2.64099037138927
"E02001383",2950,555,612,1498,285,1626,265,267,890,204,1324,290,345,608,81,18.8135593220339,20.7457627118644,50.7796610169491,9.66101694915254,55.1186440677966,8.98305084745763,9.05084745762712,30.1694915254237,6.91525423728814,44.8813559322034,9.83050847457627,11.6949152542373,20.6101694915254,2.74576271186441
"E02001384",4086,974,957,1895,260,2107,388,433,1102,184,1979,586,524,793,76,23.8374938815467,23.4214390602056,46.3778756730299,6.36319138521782,51.5663240332844,9.49583945178659,10.5971610376897,26.9701419481155,4.50318159569261,48.4336759667156,14.3416544297602,12.8242780225159,19.4077337249143,1.86000978952521
"E02001385",2156,253,609,1067,227,1230,147,261,650,172,926,106,348,417,55,11.734693877551,28.2467532467532,49.4897959183673,10.5287569573284,57.0500927643785,6.81818181818182,12.1057513914657,30.1484230055659,7.97773654916512,42.9499072356215,4.9165120593692,16.1410018552876,19.3413729128015,2.55102040816327
"E02001386",2764,210,725,1640,189,1323,62,175,936,150,1441,148,550,704,39,7.59768451519537,26.2301013024602,59.3342981186686,6.83791606367583,47.8654124457308,2.24312590448625,6.33140376266281,33.8639652677279,5.42691751085384,52.1345875542692,5.35455861070912,19.8986975397974,25.4703328509407,1.410998552822
"E02001387",4074,411,786,2364,513,2047,153,204,1341,349,2027,258,582,1023,164,10.0883652430044,19.2930780559647,58.0265095729013,12.5920471281296,50.2454590083456,3.75552282768778,5.00736377025037,32.9160530191458,8.56651939126166,49.7545409916544,6.33284241531664,14.2857142857143,25.1104565537555,4.02552773686794
"E02001388",4217,588,784,2430,415,2223,247,293,1406,277,1994,341,491,1024,138,13.9435617737728,18.5914156983638,57.623903248755,9.84111927910837,52.7152003794167,5.85724448660185,6.94806734645483,33.3412378468105,6.56865069954944,47.2847996205833,8.08631728717097,11.6433483519089,24.2826654019445,3.27246857955893
"E02001389",3079,267,535,1870,407,1698,138,263,1017,280,1381,129,272,853,127,8.671646638519,17.3757713543358,60.7340045469308,13.2185774602144,55.1477752517051,4.48197466709971,8.5417343293277,33.030204611887,9.09386164339071,44.8522247482949,4.18967197141929,8.83403702500812,27.7037999350438,4.12471581682364
"E02001390",2887,266,766,1605,250,1484,109,250,926,199,1403,157,516,679,51,9.21371666089366,26.532732940769,55.5940422583997,8.65950813993765,51.4028403186699,3.77554554901282,8.65950813993765,32.0748181503291,6.89296847939037,48.5971596813301,5.43817111188084,17.8732248008313,23.5192241080707,1.76653966054728
"E02001391",2269,201,546,1374,148,1080,47,134,780,119,1189,154,412,594,29,8.85852798589687,24.063464081093,60.5553107095637,6.52269722344645,47.5980608197444,2.07139709122962,5.90568532393125,34.3763772587043,5.24460114587924,52.4019391802556,6.78713089466725,18.1577787571617,26.1789334508594,1.27809607756721
"E02001392",2605,204,533,1508,360,1349,76,144,858,271,1256,128,389,650,89,7.83109404990403,20.4606525911708,57.8886756238004,13.8195777351248,51.7850287907869,2.91746641074856,5.5278310940499,32.936660268714,10.4030710172745,48.2149712092131,4.91362763915547,14.9328214971209,24.9520153550864,3.41650671785029
"E02001393",3663,522,703,1845,593,1892,152,206,1087,447,1771,370,497,758,146,14.2506142506143,19.1919191919192,50.3685503685504,16.1889161889162,51.6516516516517,4.14960414960415,5.62380562380562,29.6751296751297,12.2031122031122,48.3483483483483,10.1010101010101,13.5681135681136,20.6934206934207,3.98580398580399
"E02001394",4419,583,686,2557,593,2295,248,247,1399,401,2124,335,439,1158,192,13.1930300973071,15.5238741796787,57.8637700837293,13.4193256392849,51.9348268839104,5.61212944105001,5.58949988685223,31.6587463226974,9.0744512333107,48.0651731160896,7.58090065625707,9.93437429282643,26.2050237610319,4.3448744059742
"E02001395",3161,273,583,2011,294,1564,91,148,1136,189,1597,182,435,875,105,8.63650743435622,18.4435305283138,63.619107877254,9.30085416007593,49.4780132869345,2.87883581145207,4.68206263840557,35.9379943055995,5.97912053147738,50.5219867130655,5.75767162290414,13.7614678899083,27.6811135716545,3.32173362859855
"E02001396",3885,300,736,2451,398,1982,100,207,1390,285,1903,200,529,1061,113,7.72200772200772,18.9446589446589,63.0888030888031,10.2445302445302,51.016731016731,2.57400257400257,5.32818532818533,35.7786357786358,7.33590733590734,48.983268983269,5.14800514800515,13.6164736164736,27.3101673101673,2.90862290862291
"E02001397",3431,297,691,1989,454,1802,109,197,1168,328,1629,188,494,821,126,8.65636840571262,20.1399009035267,57.9714368988633,13.2322937918974,52.5211308656368,3.1769163509181,5.74176624890702,34.0425531914894,9.55989507432236,47.4788691343632,5.47945205479452,14.3981346546196,23.9288837073739,3.67239871757505
"E02001398",3866,342,665,2353,506,1958,125,224,1270,339,1908,217,441,1083,167,8.84635281945163,17.2012415933782,60.8639420589757,13.0884635281945,50.6466632177962,3.23331608898086,5.7941024314537,32.8504914640455,8.76875323331609,49.3533367822038,5.61303673047077,11.4071391619245,28.0134505949302,4.31971029487843
"E02001399",3540,310,705,2172,353,1755,119,171,1198,267,1785,191,534,974,86,8.75706214689266,19.9152542372881,61.3559322033898,9.97175141242938,49.5762711864407,3.36158192090395,4.83050847457627,33.8418079096045,7.54237288135593,50.4237288135593,5.3954802259887,15.0847457627119,27.5141242937853,2.42937853107345
"E02001400",2929,255,662,1731,281,1423,89,181,945,208,1506,166,481,786,73,8.70604301809491,22.6015705018778,59.0986684875384,9.5937179924889,48.5831341754865,3.03857972004097,6.17958347558894,32.2635711847047,7.10139979515193,51.4168658245135,5.66746329805394,16.4219870262888,26.8350973028337,2.49231819733698
"E02001401",3609,283,741,2223,362,1855,88,178,1319,270,1754,195,563,904,92,7.84150734275423,20.5320033250208,61.5960099750624,10.0304793571626,51.3992795788307,2.43834857301191,4.93211415904683,36.5475200886672,7.48129675810474,48.6007204211693,5.40315876974231,15.599889165974,25.0484898863951,2.54918259905791
"E02001402",4277,357,739,2620,561,2179,129,184,1467,399,2098,228,555,1153,162,8.34697217675941,17.2784662146364,61.2578910451251,13.1166705634791,50.9469254150105,3.01613280336685,4.30208089782558,34.2997428103811,9.32896890343699,49.0530745849895,5.33083937339256,12.9763853168108,26.958148234744,3.78770166004209
"E02001403",2704,227,625,1651,201,1407,86,169,1007,145,1297,141,456,644,56,8.39497041420118,23.1139053254438,61.0576923076923,7.43343195266272,52.0340236686391,3.18047337278107,6.25,37.241124260355,5.36242603550296,47.9659763313609,5.21449704142012,16.8639053254438,23.8165680473373,2.07100591715976
"E02001404",2905,215,692,1798,200,1439,75,161,1059,144,1466,140,531,739,56,7.40103270223752,23.8209982788296,61.8932874354561,6.88468158347676,49.5352839931153,2.58175559380379,5.54216867469879,36.4543889845095,4.95697074010327,50.4647160068847,4.81927710843374,18.2788296041308,25.4388984509466,1.92771084337349
"E02001405",3284,228,878,1962,216,1573,70,208,1136,159,1711,158,670,826,57,6.94275274056029,26.7356881851401,59.7442143727162,6.57734470158343,47.8989037758831,2.13154689403167,6.33373934226553,34.5919610231425,4.84165651644336,52.1010962241169,4.81120584652862,20.4019488428745,25.1522533495737,1.73568818514007
"E02006932",3788,1194,624,1642,328,2033,499,292,999,243,1755,695,332,643,85,31.5205913410771,16.4730728616684,43.3474128827878,8.65892291446674,53.6694825765575,13.1731784582893,7.70855332629356,26.3727560718057,6.41499472016896,46.3305174234425,18.3474128827878,8.76451953537487,16.974656810982,2.24392819429778
"E02006933",3169,223,386,2030,530,1903,105,145,1265,388,1266,118,241,765,142,7.03692016408962,12.1804985799937,64.0580624802777,16.724518775639,60.0504891132849,3.31334805932471,4.57557589144841,39.917955190912,12.2436099715999,39.9495108867151,3.72357210476491,7.60492268854528,24.1401072893657,4.48090880403913
"E02006934",3312,319,311,2173,509,2050,147,142,1383,378,1262,172,169,790,131,9.63164251207729,9.39009661835749,65.6099033816425,15.3683574879227,61.8961352657005,4.43840579710145,4.28743961352657,41.7572463768116,11.4130434782609,38.1038647342995,5.19323671497585,5.10265700483092,23.8526570048309,3.95531400966184
