"GeographyCode","KS604EW0001","KS604EW0002","KS604EW0003","KS604EW0004","KS604EW0005","KS604EW0006","KS604EW0007","KS604EW0008","KS604EW0009","KS604EW0010","KS604EW0011","KS604EW0012","KS604EW0013","KS604EW0014","KS604EW0015","KS604EW0016","KS604EW0017","KS604EW0018","KS604EW0019","KS604EW0020","KS604EW0021","KS604EW0022","KS604EW0023","KS604EW0024","KS604EW0025","KS604EW0026","KS604EW0027","KS604EW0028","KS604EW0029"
"E00032987",99,12,21,60,6,42,5,4,30,3,57,7,17,30,3,12.1212121212121,21.2121212121212,60.6060606060606,6.06060606060606,42.4242424242424,5.05050505050505,4.04040404040404,30.3030303030303,3.03030303030303,57.5757575757576,7.07070707070707,17.1717171717172,30.3030303030303,3.03030303030303
"E00032988",158,23,31,85,19,83,6,15,48,14,75,17,16,37,5,14.5569620253165,19.620253164557,53.7974683544304,12.0253164556962,52.5316455696203,3.79746835443038,9.49367088607595,30.379746835443,8.86075949367089,47.4683544303797,10.7594936708861,10.126582278481,23.4177215189873,3.16455696202532
"E00032989",154,23,34,77,20,90,10,17,49,14,64,13,17,28,6,14.9350649350649,22.0779220779221,50,12.987012987013,58.4415584415584,6.49350649350649,11.038961038961,31.8181818181818,9.09090909090909,41.5584415584416,8.44155844155844,11.038961038961,18.1818181818182,3.8961038961039
"E00032990",160,25,22,90,23,91,21,7,47,16,69,4,15,43,7,15.625,13.75,56.25,14.375,56.875,13.125,4.375,29.375,10,43.125,2.5,9.375,26.875,4.375
"E00032991",167,26,25,100,16,86,16,6,55,9,81,10,19,45,7,15.5688622754491,14.9700598802395,59.8802395209581,9.58083832335329,51.497005988024,9.58083832335329,3.59281437125748,32.9341317365269,5.38922155688623,48.502994011976,5.98802395209581,11.377245508982,26.9461077844311,4.19161676646707
"E00032992",92,11,24,51,6,59,6,15,33,5,33,5,9,18,1,11.9565217391304,26.0869565217391,55.4347826086957,6.52173913043478,64.1304347826087,6.52173913043478,16.304347826087,35.8695652173913,5.43478260869565,35.8695652173913,5.43478260869565,9.78260869565217,19.5652173913043,1.08695652173913
"E00032993",149,15,30,86,18,81,10,8,48,15,68,5,22,38,3,10.0671140939597,20.1342281879195,57.7181208053691,12.0805369127517,54.3624161073826,6.71140939597315,5.36912751677852,32.2147651006711,10.0671140939597,45.6375838926174,3.35570469798658,14.7651006711409,25.503355704698,2.01342281879195
"E00032994",30,4,6,17,3,16,0,0,13,3,14,4,6,4,0,13.3333333333333,20,56.6666666666667,10,53.3333333333333,0,0,43.3333333333333,10,46.6666666666667,13.3333333333333,20,13.3333333333333,0
"E00032995",76,6,19,47,4,31,3,2,23,3,45,3,17,24,1,7.89473684210526,25,61.8421052631579,5.26315789473684,40.7894736842105,3.94736842105263,2.63157894736842,30.2631578947368,3.94736842105263,59.2105263157895,3.94736842105263,22.3684210526316,31.5789473684211,1.31578947368421
"E00032996",111,6,30,71,4,54,3,3,44,4,57,3,27,27,0,5.40540540540541,27.027027027027,63.963963963964,3.6036036036036,48.6486486486487,2.7027027027027,2.7027027027027,39.6396396396396,3.6036036036036,51.3513513513513,2.7027027027027,24.3243243243243,24.3243243243243,0
"E00032997",90,5,27,47,11,52,3,10,31,8,38,2,17,16,3,5.55555555555556,30,52.2222222222222,12.2222222222222,57.7777777777778,3.33333333333333,11.1111111111111,34.4444444444444,8.88888888888889,42.2222222222222,2.22222222222222,18.8888888888889,17.7777777777778,3.33333333333333
"E00032998",157,16,32,81,28,89,8,10,48,23,68,8,22,33,5,10.1910828025478,20.3821656050955,51.5923566878981,17.8343949044586,56.687898089172,5.09554140127389,6.36942675159236,30.5732484076433,14.6496815286624,43.312101910828,5.09554140127389,14.0127388535032,21.0191082802548,3.18471337579618
"E00032999",191,31,40,100,20,110,16,18,61,15,81,15,22,39,5,16.2303664921466,20.9424083769633,52.3560209424084,10.4712041884817,57.5916230366492,8.37696335078534,9.42408376963351,31.9371727748691,7.85340314136126,42.4083769633508,7.85340314136126,11.5183246073298,20.4188481675393,2.61780104712042
"E00033000",39,6,6,24,3,13,1,2,9,1,26,5,4,15,2,15.3846153846154,15.3846153846154,61.5384615384615,7.69230769230769,33.3333333333333,2.56410256410256,5.12820512820513,23.0769230769231,2.56410256410256,66.6666666666667,12.8205128205128,10.2564102564103,38.4615384615385,5.12820512820513
"E00033002",97,7,22,63,5,51,3,15,31,2,46,4,7,32,3,7.21649484536082,22.680412371134,64.9484536082474,5.15463917525773,52.5773195876289,3.09278350515464,15.4639175257732,31.9587628865979,2.06185567010309,47.4226804123711,4.12371134020619,7.21649484536082,32.9896907216495,3.09278350515464
"E00033004",185,11,18,121,35,107,5,6,72,24,78,6,12,49,11,5.94594594594595,9.72972972972973,65.4054054054054,18.9189189189189,57.8378378378378,2.7027027027027,3.24324324324324,38.9189189189189,12.972972972973,42.1621621621622,3.24324324324324,6.48648648648649,26.4864864864865,5.94594594594595
"E00033005",116,8,39,64,5,63,3,13,43,4,53,5,26,21,1,6.89655172413793,33.6206896551724,55.1724137931034,4.31034482758621,54.3103448275862,2.58620689655172,11.2068965517241,37.0689655172414,3.44827586206897,45.6896551724138,4.31034482758621,22.4137931034483,18.1034482758621,0.862068965517241
"E00033006",105,8,28,61,8,48,2,6,33,7,57,6,22,28,1,7.61904761904762,26.6666666666667,58.0952380952381,7.61904761904762,45.7142857142857,1.9047619047619,5.71428571428571,31.4285714285714,6.66666666666667,54.2857142857143,5.71428571428571,20.952380952381,26.6666666666667,0.952380952380952
"E00033007",78,6,30,36,6,38,3,12,20,3,40,3,18,16,3,7.69230769230769,38.4615384615385,46.1538461538462,7.69230769230769,48.7179487179487,3.84615384615385,15.3846153846154,25.6410256410256,3.84615384615385,51.2820512820513,3.84615384615385,23.0769230769231,20.5128205128205,3.84615384615385
"E00033008",77,8,31,34,4,23,2,3,17,1,54,6,28,17,3,10.3896103896104,40.2597402597403,44.1558441558442,5.19480519480519,29.8701298701299,2.5974025974026,3.8961038961039,22.0779220779221,1.2987012987013,70.1298701298701,7.79220779220779,36.3636363636364,22.0779220779221,3.8961038961039
"E00033012",92,6,13,50,23,53,1,6,32,14,39,5,7,18,9,6.52173913043478,14.1304347826087,54.3478260869565,25,57.6086956521739,1.08695652173913,6.52173913043478,34.7826086956522,15.2173913043478,42.3913043478261,5.43478260869565,7.60869565217391,19.5652173913043,9.78260869565217
"E00033013",87,5,18,56,8,48,1,10,30,7,39,4,8,26,1,5.74712643678161,20.6896551724138,64.367816091954,9.19540229885057,55.1724137931034,1.14942528735632,11.4942528735632,34.4827586206897,8.04597701149425,44.8275862068966,4.59770114942529,9.19540229885057,29.8850574712644,1.14942528735632
"E00033015",69,10,6,36,17,42,5,1,20,16,27,5,5,16,1,14.4927536231884,8.69565217391304,52.1739130434783,24.6376811594203,60.8695652173913,7.2463768115942,1.44927536231884,28.9855072463768,23.1884057971014,39.1304347826087,7.2463768115942,7.2463768115942,23.1884057971014,1.44927536231884
"E00033016",128,10,37,64,17,65,2,15,34,14,63,8,22,30,3,7.8125,28.90625,50,13.28125,50.78125,1.5625,11.71875,26.5625,10.9375,49.21875,6.25,17.1875,23.4375,2.34375
"E00033018",124,58,23,38,5,59,25,10,19,5,65,33,13,19,0,46.7741935483871,18.5483870967742,30.6451612903226,4.03225806451613,47.5806451612903,20.1612903225806,8.06451612903226,15.3225806451613,4.03225806451613,52.4193548387097,26.6129032258064,10.4838709677419,15.3225806451613,0
"E00033019",137,23,32,67,15,86,14,17,47,8,51,9,15,20,7,16.7883211678832,23.3576642335766,48.9051094890511,10.9489051094891,62.7737226277372,10.2189781021898,12.4087591240876,34.3065693430657,5.83941605839416,37.2262773722628,6.56934306569343,10.9489051094891,14.5985401459854,5.10948905109489
"E00033020",128,37,20,65,6,77,19,9,45,4,51,18,11,20,2,28.90625,15.625,50.78125,4.6875,60.15625,14.84375,7.03125,35.15625,3.125,39.84375,14.0625,8.59375,15.625,1.5625
"E00033021",110,7,27,70,6,63,5,12,42,4,47,2,15,28,2,6.36363636363636,24.5454545454545,63.6363636363636,5.45454545454545,57.2727272727273,4.54545454545455,10.9090909090909,38.1818181818182,3.63636363636364,42.7272727272727,1.81818181818182,13.6363636363636,25.4545454545455,1.81818181818182
"E00033023",178,60,52,53,13,85,24,21,32,8,93,36,31,21,5,33.7078651685393,29.2134831460674,29.7752808988764,7.30337078651685,47.752808988764,13.4831460674157,11.7977528089888,17.9775280898876,4.49438202247191,52.247191011236,20.2247191011236,17.4157303370787,11.7977528089888,2.80898876404494
"E00033024",55,5,9,27,14,32,2,2,19,9,23,3,7,8,5,9.09090909090909,16.3636363636364,49.0909090909091,25.4545454545455,58.1818181818182,3.63636363636364,3.63636363636364,34.5454545454545,16.3636363636364,41.8181818181818,5.45454545454545,12.7272727272727,14.5454545454545,9.09090909090909
"E00033025",163,16,25,99,23,75,7,10,48,10,88,9,15,51,13,9.8159509202454,15.3374233128834,60.7361963190184,14.1104294478528,46.0122699386503,4.29447852760736,6.13496932515337,29.4478527607362,6.13496932515337,53.9877300613497,5.52147239263804,9.20245398773006,31.2883435582822,7.97546012269939
"E00033026",106,5,24,64,13,51,1,7,34,9,55,4,17,30,4,4.71698113207547,22.6415094339623,60.377358490566,12.2641509433962,48.1132075471698,0.943396226415094,6.60377358490566,32.0754716981132,8.49056603773585,51.8867924528302,3.77358490566038,16.0377358490566,28.3018867924528,3.77358490566038
"E00033027",207,24,26,128,29,121,10,11,80,20,86,14,15,48,9,11.5942028985507,12.56038647343,61.8357487922705,14.0096618357488,58.4541062801932,4.83091787439614,5.31400966183575,38.6473429951691,9.66183574879227,41.5458937198068,6.76328502415459,7.2463768115942,23.1884057971014,4.34782608695652
"E00033029",141,5,24,95,17,81,0,7,65,9,60,5,17,30,8,3.54609929078014,17.0212765957447,67.3758865248227,12.0567375886525,57.4468085106383,0,4.9645390070922,46.0992907801418,6.38297872340426,42.5531914893617,3.54609929078014,12.0567375886525,21.2765957446809,5.67375886524823
"E00033030",124,23,23,57,21,65,10,4,37,14,59,13,19,20,7,18.5483870967742,18.5483870967742,45.9677419354839,16.9354838709677,52.4193548387097,8.06451612903226,3.2258064516129,29.8387096774194,11.2903225806452,47.5806451612903,10.4838709677419,15.3225806451613,16.1290322580645,5.64516129032258
"E00033031",174,16,24,113,21,73,4,4,53,12,101,12,20,60,9,9.19540229885057,13.7931034482759,64.9425287356322,12.0689655172414,41.9540229885057,2.29885057471264,2.29885057471264,30.4597701149425,6.89655172413793,58.0459770114943,6.89655172413793,11.4942528735632,34.4827586206897,5.17241379310345
"E00033032",227,9,30,148,40,104,6,12,67,19,123,3,18,81,21,3.9647577092511,13.215859030837,65.1982378854625,17.6211453744493,45.8149779735683,2.6431718061674,5.2863436123348,29.5154185022026,8.37004405286344,54.1850220264317,1.3215859030837,7.9295154185022,35.6828193832599,9.2511013215859
"E00033033",198,9,21,136,32,106,4,7,73,22,92,5,14,63,10,4.54545454545455,10.6060606060606,68.6868686868687,16.1616161616162,53.5353535353535,2.02020202020202,3.53535353535354,36.8686868686869,11.1111111111111,46.4646464646465,2.52525252525253,7.07070707070707,31.8181818181818,5.05050505050505
"E00033034",235,13,19,164,39,119,8,9,81,21,116,5,10,83,18,5.53191489361702,8.08510638297872,69.7872340425532,16.5957446808511,50.6382978723404,3.40425531914894,3.82978723404255,34.468085106383,8.93617021276596,49.3617021276596,2.12765957446809,4.25531914893617,35.3191489361702,7.65957446808511
"E00033035",178,15,29,108,26,85,6,9,52,18,93,9,20,56,8,8.42696629213483,16.2921348314607,60.6741573033708,14.6067415730337,47.752808988764,3.37078651685393,5.0561797752809,29.2134831460674,10.1123595505618,52.247191011236,5.0561797752809,11.2359550561798,31.4606741573034,4.49438202247191
"E00033036",125,4,15,81,25,72,4,11,39,18,53,0,4,42,7,3.2,12,64.8,20,57.6,3.2,8.8,31.2,14.4,42.4,0,3.2,33.6,5.6
"E00033037",130,10,19,74,27,71,5,8,39,19,59,5,11,35,8,7.69230769230769,14.6153846153846,56.9230769230769,20.7692307692308,54.6153846153846,3.84615384615385,6.15384615384615,30,14.6153846153846,45.3846153846154,3.84615384615385,8.46153846153846,26.9230769230769,6.15384615384615
"E00033038",103,3,11,70,19,49,2,5,30,12,54,1,6,40,7,2.9126213592233,10.6796116504854,67.9611650485437,18.4466019417476,47.5728155339806,1.94174757281553,4.85436893203883,29.126213592233,11.6504854368932,52.4271844660194,0.970873786407767,5.8252427184466,38.8349514563107,6.79611650485437
"E00033040",124,3,24,83,14,68,1,8,50,9,56,2,16,33,5,2.41935483870968,19.3548387096774,66.9354838709677,11.2903225806452,54.8387096774194,0.806451612903226,6.45161290322581,40.3225806451613,7.25806451612903,45.1612903225806,1.61290322580645,12.9032258064516,26.6129032258064,4.03225806451613
"E00033041",134,16,28,76,14,68,7,11,39,11,66,9,17,37,3,11.9402985074627,20.8955223880597,56.7164179104478,10.4477611940298,50.7462686567164,5.22388059701492,8.2089552238806,29.1044776119403,8.2089552238806,49.2537313432836,6.71641791044776,12.6865671641791,27.6119402985075,2.23880597014925
"E00033042",125,15,21,70,19,64,6,3,41,14,61,9,18,29,5,12,16.8,56,15.2,51.2,4.8,2.4,32.8,11.2,48.8,7.2,14.4,23.2,4
"E00033043",149,12,22,94,21,84,8,4,55,17,65,4,18,39,4,8.05369127516778,14.7651006711409,63.0872483221477,14.0939597315436,56.3758389261745,5.36912751677852,2.68456375838926,36.9127516778523,11.4093959731544,43.6241610738255,2.68456375838926,12.0805369127517,26.1744966442953,2.68456375838926
"E00033044",117,12,19,78,8,59,1,3,48,7,58,11,16,30,1,10.2564102564103,16.2393162393162,66.6666666666667,6.83760683760684,50.4273504273504,0.854700854700855,2.56410256410256,41.025641025641,5.98290598290598,49.5726495726496,9.4017094017094,13.6752136752137,25.6410256410256,0.854700854700855
"E00033045",64,5,22,32,5,23,2,4,13,4,41,3,18,19,1,7.8125,34.375,50,7.8125,35.9375,3.125,6.25,20.3125,6.25,64.0625,4.6875,28.125,29.6875,1.5625
"E00033046",48,7,5,29,7,32,5,2,20,5,16,2,3,9,2,14.5833333333333,10.4166666666667,60.4166666666667,14.5833333333333,66.6666666666667,10.4166666666667,4.16666666666667,41.6666666666667,10.4166666666667,33.3333333333333,4.16666666666667,6.25,18.75,4.16666666666667
"E00033047",144,10,35,89,10,81,3,11,60,7,63,7,24,29,3,6.94444444444444,24.3055555555556,61.8055555555556,6.94444444444444,56.25,2.08333333333333,7.63888888888889,41.6666666666667,4.86111111111111,43.75,4.86111111111111,16.6666666666667,20.1388888888889,2.08333333333333
"E00033048",119,15,36,60,8,63,6,7,44,6,56,9,29,16,2,12.6050420168067,30.2521008403361,50.4201680672269,6.72268907563025,52.9411764705882,5.04201680672269,5.88235294117647,36.9747899159664,5.04201680672269,47.0588235294118,7.56302521008403,24.3697478991597,13.4453781512605,1.68067226890756
"E00033049",218,12,37,140,29,113,2,11,80,20,105,10,26,60,9,5.5045871559633,16.9724770642202,64.2201834862385,13.302752293578,51.8348623853211,0.917431192660551,5.04587155963303,36.697247706422,9.1743119266055,48.1651376146789,4.58715596330275,11.9266055045872,27.5229357798165,4.12844036697248
"E00033050",128,6,23,84,15,69,5,10,45,9,59,1,13,39,6,4.6875,17.96875,65.625,11.71875,53.90625,3.90625,7.8125,35.15625,7.03125,46.09375,0.78125,10.15625,30.46875,4.6875
"E00033051",199,11,29,128,31,106,4,12,68,22,93,7,17,60,9,5.52763819095477,14.572864321608,64.321608040201,15.5778894472362,53.2663316582915,2.01005025125628,6.03015075376884,34.1708542713568,11.0552763819095,46.7336683417085,3.51758793969849,8.5427135678392,30.1507537688442,4.52261306532663
"E00033052",206,28,31,120,27,109,11,15,67,16,97,17,16,53,11,13.5922330097087,15.0485436893204,58.252427184466,13.1067961165049,52.9126213592233,5.33980582524272,7.28155339805825,32.5242718446602,7.76699029126214,47.0873786407767,8.25242718446602,7.76699029126214,25.7281553398058,5.33980582524272
"E00033053",162,17,24,104,17,74,7,9,47,11,88,10,15,57,6,10.4938271604938,14.8148148148148,64.1975308641975,10.4938271604938,45.679012345679,4.32098765432099,5.55555555555556,29.0123456790123,6.79012345679012,54.320987654321,6.17283950617284,9.25925925925926,35.1851851851852,3.7037037037037
"E00033054",66,7,15,36,8,35,1,4,24,6,31,6,11,12,2,10.6060606060606,22.7272727272727,54.5454545454545,12.1212121212121,53.030303030303,1.51515151515152,6.06060606060606,36.3636363636364,9.09090909090909,46.969696969697,9.09090909090909,16.6666666666667,18.1818181818182,3.03030303030303
"E00033055",133,12,18,80,23,73,5,7,43,18,60,7,11,37,5,9.02255639097744,13.5338345864662,60.1503759398496,17.2932330827068,54.8872180451128,3.7593984962406,5.26315789473684,32.3308270676692,13.5338345864662,45.1127819548872,5.26315789473684,8.27067669172932,27.8195488721804,3.7593984962406
"E00033056",166,12,27,113,14,80,5,7,57,11,86,7,20,56,3,7.2289156626506,16.2650602409639,68.0722891566265,8.43373493975904,48.1927710843374,3.01204819277108,4.21686746987952,34.3373493975904,6.62650602409639,51.8072289156626,4.21686746987952,12.0481927710843,33.7349397590361,1.80722891566265
"E00033057",155,16,24,104,11,71,4,6,55,6,84,12,18,49,5,10.3225806451613,15.4838709677419,67.0967741935484,7.09677419354839,45.8064516129032,2.58064516129032,3.87096774193548,35.4838709677419,3.87096774193548,54.1935483870968,7.74193548387097,11.6129032258065,31.6129032258064,3.2258064516129
"E00033059",122,10,30,68,14,59,1,9,37,12,63,9,21,31,2,8.19672131147541,24.5901639344262,55.7377049180328,11.4754098360656,48.3606557377049,0.819672131147541,7.37704918032787,30.327868852459,9.83606557377049,51.6393442622951,7.37704918032787,17.2131147540984,25.4098360655738,1.63934426229508
"E00033060",76,3,16,46,11,39,0,6,24,9,37,3,10,22,2,3.94736842105263,21.0526315789474,60.5263157894737,14.4736842105263,51.3157894736842,0,7.89473684210526,31.5789473684211,11.8421052631579,48.6842105263158,3.94736842105263,13.1578947368421,28.9473684210526,2.63157894736842
"E00033061",110,14,25,62,9,54,4,5,39,6,56,10,20,23,3,12.7272727272727,22.7272727272727,56.3636363636364,8.18181818181818,49.0909090909091,3.63636363636364,4.54545454545455,35.4545454545455,5.45454545454545,50.9090909090909,9.09090909090909,18.1818181818182,20.9090909090909,2.72727272727273
"E00033062",116,12,27,68,9,60,3,6,43,8,56,9,21,25,1,10.3448275862069,23.2758620689655,58.6206896551724,7.75862068965517,51.7241379310345,2.58620689655172,5.17241379310345,37.0689655172414,6.89655172413793,48.2758620689655,7.75862068965517,18.1034482758621,21.551724137931,0.862068965517241
"E00033063",132,8,22,86,16,61,3,5,41,12,71,5,17,45,4,6.06060606060606,16.6666666666667,65.1515151515152,12.1212121212121,46.2121212121212,2.27272727272727,3.78787878787879,31.0606060606061,9.09090909090909,53.7878787878788,3.78787878787879,12.8787878787879,34.0909090909091,3.03030303030303
"E00033064",130,18,21,75,16,61,8,7,38,8,69,10,14,37,8,13.8461538461538,16.1538461538462,57.6923076923077,12.3076923076923,46.9230769230769,6.15384615384615,5.38461538461539,29.2307692307692,6.15384615384615,53.0769230769231,7.69230769230769,10.7692307692308,28.4615384615385,6.15384615384615
"E00033065",155,6,29,93,27,78,2,8,51,17,77,4,21,42,10,3.87096774193548,18.7096774193548,60,17.4193548387097,50.3225806451613,1.29032258064516,5.16129032258065,32.9032258064516,10.9677419354839,49.6774193548387,2.58064516129032,13.5483870967742,27.0967741935484,6.45161290322581
"E00033066",163,8,16,113,26,85,1,6,61,17,78,7,10,52,9,4.9079754601227,9.8159509202454,69.3251533742331,15.9509202453988,52.1472392638037,0.613496932515337,3.68098159509202,37.4233128834356,10.4294478527607,47.8527607361963,4.29447852760736,6.13496932515337,31.9018404907975,5.52147239263804
"E00033067",176,6,26,114,30,104,2,16,63,23,72,4,10,51,7,3.40909090909091,14.7727272727273,64.7727272727273,17.0454545454545,59.0909090909091,1.13636363636364,9.09090909090909,35.7954545454545,13.0681818181818,40.9090909090909,2.27272727272727,5.68181818181818,28.9772727272727,3.97727272727273
"E00033068",233,13,25,147,48,119,6,15,69,29,114,7,10,78,19,5.5793991416309,10.7296137339056,63.0901287553648,20.6008583690987,51.0729613733906,2.57510729613734,6.43776824034335,29.6137339055794,12.4463519313305,48.9270386266094,3.00429184549356,4.29184549356223,33.4763948497854,8.15450643776824
"E00033069",164,11,15,112,26,100,7,7,65,21,64,4,8,47,5,6.70731707317073,9.14634146341463,68.2926829268293,15.8536585365854,60.9756097560976,4.26829268292683,4.26829268292683,39.6341463414634,12.8048780487805,39.0243902439024,2.4390243902439,4.8780487804878,28.6585365853659,3.04878048780488
"E00033070",131,13,15,86,17,76,8,9,49,10,55,5,6,37,7,9.9236641221374,11.4503816793893,65.6488549618321,12.9770992366412,58.0152671755725,6.10687022900763,6.87022900763359,37.4045801526718,7.63358778625954,41.9847328244275,3.81679389312977,4.58015267175572,28.2442748091603,5.34351145038168
"E00033071",173,6,19,124,24,82,0,4,62,16,91,6,15,62,8,3.46820809248555,10.9826589595376,71.6763005780347,13.8728323699422,47.3988439306358,0,2.3121387283237,35.8381502890173,9.2485549132948,52.6011560693642,3.46820809248555,8.67052023121387,35.8381502890173,4.6242774566474
"E00033072",173,9,8,123,33,95,3,5,63,24,78,6,3,60,9,5.20231213872832,4.6242774566474,71.0982658959538,19.0751445086705,54.9132947976879,1.73410404624277,2.89017341040462,36.4161849710983,13.8728323699422,45.0867052023121,3.46820809248555,1.73410404624277,34.6820809248555,5.20231213872832
"E00033073",162,6,19,122,15,82,2,11,58,11,80,4,8,64,4,3.7037037037037,11.7283950617284,75.3086419753086,9.25925925925926,50.6172839506173,1.23456790123457,6.79012345679012,35.8024691358025,6.79012345679012,49.3827160493827,2.46913580246914,4.93827160493827,39.5061728395062,2.46913580246914
"E00033074",126,10,19,78,19,77,5,9,46,17,49,5,10,32,2,7.93650793650794,15.0793650793651,61.9047619047619,15.0793650793651,61.1111111111111,3.96825396825397,7.14285714285714,36.5079365079365,13.4920634920635,38.8888888888889,3.96825396825397,7.93650793650794,25.3968253968254,1.58730158730159
"E00033075",88,6,14,61,7,57,1,8,42,6,31,5,6,19,1,6.81818181818182,15.9090909090909,69.3181818181818,7.95454545454545,64.7727272727273,1.13636363636364,9.09090909090909,47.7272727272727,6.81818181818182,35.2272727272727,5.68181818181818,6.81818181818182,21.5909090909091,1.13636363636364
"E00033076",141,8,22,82,29,85,3,8,49,25,56,5,14,33,4,5.67375886524823,15.6028368794326,58.1560283687943,20.5673758865248,60.2836879432624,2.12765957446809,5.67375886524823,34.7517730496454,17.7304964539007,39.7163120567376,3.54609929078014,9.9290780141844,23.4042553191489,2.83687943262411
"E00033077",161,13,26,93,29,73,7,12,39,15,88,6,14,54,14,8.07453416149068,16.1490683229814,57.7639751552795,18.0124223602484,45.3416149068323,4.34782608695652,7.45341614906832,24.223602484472,9.3167701863354,54.6583850931677,3.72670807453416,8.69565217391304,33.5403726708075,8.69565217391304
"E00033078",130,9,21,83,17,67,5,4,47,11,63,4,17,36,6,6.92307692307692,16.1538461538462,63.8461538461538,13.0769230769231,51.5384615384615,3.84615384615385,3.07692307692308,36.1538461538462,8.46153846153846,48.4615384615385,3.07692307692308,13.0769230769231,27.6923076923077,4.61538461538462
"E00033079",121,13,27,72,9,66,6,16,37,7,55,7,11,35,2,10.7438016528926,22.3140495867769,59.504132231405,7.43801652892562,54.5454545454545,4.95867768595041,13.2231404958678,30.5785123966942,5.78512396694215,45.4545454545455,5.78512396694215,9.09090909090909,28.9256198347107,1.65289256198347
"E00033080",50,6,3,35,6,35,6,0,24,5,15,0,3,11,1,12,6,70,12,70,12,0,48,10,30,0,6,22,2
"E00033081",127,5,19,81,22,57,3,3,36,15,70,2,16,45,7,3.93700787401575,14.9606299212598,63.7795275590551,17.3228346456693,44.8818897637795,2.36220472440945,2.36220472440945,28.3464566929134,11.8110236220472,55.1181102362205,1.5748031496063,12.5984251968504,35.4330708661417,5.51181102362205
"E00033082",149,21,22,81,25,86,7,5,53,21,63,14,17,28,4,14.0939597315436,14.7651006711409,54.3624161073826,16.7785234899329,57.7181208053691,4.69798657718121,3.35570469798658,35.5704697986577,14.0939597315436,42.2818791946309,9.39597315436242,11.4093959731544,18.7919463087248,2.68456375838926
"E00033083",182,15,34,95,38,102,3,12,59,28,80,12,22,36,10,8.24175824175824,18.6813186813187,52.1978021978022,20.8791208791209,56.043956043956,1.64835164835165,6.59340659340659,32.4175824175824,15.3846153846154,43.956043956044,6.59340659340659,12.0879120879121,19.7802197802198,5.49450549450549
"E00033084",120,7,23,71,19,70,3,6,45,16,50,4,17,26,3,5.83333333333333,19.1666666666667,59.1666666666667,15.8333333333333,58.3333333333333,2.5,5,37.5,13.3333333333333,41.6666666666667,3.33333333333333,14.1666666666667,21.6666666666667,2.5
"E00033085",141,7,40,78,16,73,5,11,43,14,68,2,29,35,2,4.9645390070922,28.3687943262411,55.3191489361702,11.3475177304965,51.7730496453901,3.54609929078014,7.80141843971631,30.4964539007092,9.9290780141844,48.2269503546099,1.41843971631206,20.5673758865248,24.822695035461,1.41843971631206
"E00033086",100,5,26,64,5,45,2,7,31,5,55,3,19,33,0,5,26,64,5,45,2,7,31,5,55,3,19,33,0
"E00033087",190,21,37,109,23,91,7,9,57,18,99,14,28,52,5,11.0526315789474,19.4736842105263,57.3684210526316,12.1052631578947,47.8947368421053,3.68421052631579,4.73684210526316,30,9.47368421052632,52.1052631578947,7.36842105263158,14.7368421052632,27.3684210526316,2.63157894736842
"E00033088",107,8,25,66,8,46,3,4,32,7,61,5,21,34,1,7.47663551401869,23.3644859813084,61.6822429906542,7.47663551401869,42.9906542056075,2.80373831775701,3.73831775700935,29.9065420560748,6.54205607476635,57.0093457943925,4.67289719626168,19.6261682242991,31.7757009345794,0.934579439252336
"E00033089",131,11,33,81,6,60,4,8,46,2,71,7,25,35,4,8.3969465648855,25.1908396946565,61.8320610687023,4.58015267175572,45.8015267175573,3.05343511450382,6.10687022900763,35.1145038167939,1.52671755725191,54.1984732824427,5.34351145038168,19.0839694656489,26.7175572519084,3.05343511450382
"E00033090",178,13,48,106,11,93,4,18,62,9,85,9,30,44,2,7.30337078651685,26.9662921348315,59.5505617977528,6.17977528089888,52.247191011236,2.24719101123596,10.1123595505618,34.8314606741573,5.0561797752809,47.752808988764,5.0561797752809,16.8539325842697,24.7191011235955,1.12359550561798
"E00033091",167,15,27,107,18,77,6,4,55,12,90,9,23,52,6,8.98203592814371,16.1676646706587,64.0718562874251,10.7784431137725,46.1077844311377,3.59281437125748,2.39520958083832,32.9341317365269,7.18562874251497,53.8922155688623,5.38922155688623,13.7724550898204,31.1377245508982,3.59281437125748
"E00033092",152,24,31,86,11,80,6,5,61,8,72,18,26,25,3,15.7894736842105,20.3947368421053,56.578947368421,7.23684210526316,52.6315789473684,3.94736842105263,3.28947368421053,40.1315789473684,5.26315789473684,47.3684210526316,11.8421052631579,17.1052631578947,16.4473684210526,1.97368421052632
"E00033093",193,14,40,124,15,98,6,8,72,12,95,8,32,52,3,7.25388601036269,20.7253886010363,64.2487046632124,7.7720207253886,50.7772020725389,3.10880829015544,4.14507772020725,37.3056994818653,6.21761658031088,49.2227979274611,4.14507772020725,16.580310880829,26.9430051813472,1.55440414507772
"E00033094",142,12,33,87,10,76,4,6,59,7,66,8,27,28,3,8.45070422535211,23.2394366197183,61.2676056338028,7.04225352112676,53.5211267605634,2.8169014084507,4.22535211267606,41.5492957746479,4.92957746478873,46.4788732394366,5.63380281690141,19.0140845070423,19.7183098591549,2.11267605633803
"E00033095",234,31,47,125,31,114,13,14,66,21,120,18,33,59,10,13.2478632478632,20.0854700854701,53.4188034188034,13.2478632478632,48.7179487179487,5.55555555555556,5.98290598290598,28.2051282051282,8.97435897435897,51.2820512820513,7.69230769230769,14.1025641025641,25.2136752136752,4.27350427350427
"E00033096",109,11,20,57,21,58,3,5,35,15,51,8,15,22,6,10.0917431192661,18.348623853211,52.2935779816514,19.2660550458716,53.2110091743119,2.75229357798165,4.58715596330275,32.1100917431193,13.7614678899083,46.7889908256881,7.3394495412844,13.7614678899083,20.1834862385321,5.5045871559633
"E00033097",109,16,23,66,4,44,6,6,31,1,65,10,17,35,3,14.6788990825688,21.1009174311927,60.5504587155963,3.6697247706422,40.3669724770642,5.5045871559633,5.5045871559633,28.4403669724771,0.917431192660551,59.6330275229358,9.1743119266055,15.5963302752294,32.1100917431193,2.75229357798165
"E00033098",116,5,24,69,18,66,1,8,43,14,50,4,16,26,4,4.31034482758621,20.6896551724138,59.4827586206897,15.5172413793103,56.8965517241379,0.862068965517241,6.89655172413793,37.0689655172414,12.0689655172414,43.1034482758621,3.44827586206897,13.7931034482759,22.4137931034483,3.44827586206897
"E00033099",47,2,13,28,4,23,0,2,17,4,24,2,11,11,0,4.25531914893617,27.6595744680851,59.5744680851064,8.51063829787234,48.936170212766,0,4.25531914893617,36.1702127659575,8.51063829787234,51.063829787234,4.25531914893617,23.4042553191489,23.4042553191489,0
"E00033100",121,14,34,63,10,57,2,6,39,10,64,12,28,24,0,11.5702479338843,28.099173553719,52.0661157024793,8.26446280991736,47.1074380165289,1.65289256198347,4.95867768595041,32.2314049586777,8.26446280991736,52.8925619834711,9.91735537190083,23.1404958677686,19.8347107438017,0
"E00033101",95,10,22,53,10,50,2,8,32,8,45,8,14,21,2,10.5263157894737,23.1578947368421,55.7894736842105,10.5263157894737,52.6315789473684,2.10526315789474,8.42105263157895,33.6842105263158,8.42105263157895,47.3684210526316,8.42105263157895,14.7368421052632,22.1052631578947,2.10526315789474
"E00033102",222,18,47,137,20,107,5,11,76,15,115,13,36,61,5,8.10810810810811,21.1711711711712,61.7117117117117,9.00900900900901,48.1981981981982,2.25225225225225,4.95495495495495,34.2342342342342,6.75675675675676,51.8018018018018,5.85585585585586,16.2162162162162,27.4774774774775,2.25225225225225
"E00033103",103,11,22,62,8,50,5,8,31,6,53,6,14,31,2,10.6796116504854,21.3592233009709,60.1941747572816,7.76699029126214,48.5436893203884,4.85436893203883,7.76699029126214,30.0970873786408,5.8252427184466,51.4563106796116,5.8252427184466,13.5922330097087,30.0970873786408,1.94174757281553
"E00033104",101,7,30,60,4,40,1,7,30,2,61,6,23,30,2,6.93069306930693,29.7029702970297,59.4059405940594,3.96039603960396,39.6039603960396,0.99009900990099,6.93069306930693,29.7029702970297,1.98019801980198,60.3960396039604,5.94059405940594,22.7722772277228,29.7029702970297,1.98019801980198
"E00033105",134,7,25,82,20,72,3,4,50,15,62,4,21,32,5,5.22388059701492,18.6567164179104,61.1940298507463,14.9253731343284,53.7313432835821,2.23880597014925,2.98507462686567,37.3134328358209,11.1940298507463,46.2686567164179,2.98507462686567,15.6716417910448,23.8805970149254,3.73134328358209
"E00033106",119,8,31,76,4,58,2,10,43,3,61,6,21,33,1,6.72268907563025,26.0504201680672,63.8655462184874,3.36134453781513,48.7394957983193,1.68067226890756,8.40336134453782,36.1344537815126,2.52100840336134,51.2605042016807,5.04201680672269,17.6470588235294,27.7310924369748,0.840336134453782
"E00033107",202,22,42,115,23,101,4,10,68,19,101,18,32,47,4,10.8910891089109,20.7920792079208,56.9306930693069,11.3861386138614,50,1.98019801980198,4.95049504950495,33.6633663366337,9.40594059405941,50,8.91089108910891,15.8415841584158,23.2673267326733,1.98019801980198
"E00033108",152,8,28,111,5,72,3,6,58,5,80,5,22,53,0,5.26315789473684,18.4210526315789,73.0263157894737,3.28947368421053,47.3684210526316,1.97368421052632,3.94736842105263,38.1578947368421,3.28947368421053,52.6315789473684,3.28947368421053,14.4736842105263,34.8684210526316,0
"E00033109",146,10,30,87,19,83,2,7,62,12,63,8,23,25,7,6.84931506849315,20.5479452054795,59.5890410958904,13.013698630137,56.8493150684932,1.36986301369863,4.79452054794521,42.4657534246575,8.21917808219178,43.1506849315069,5.47945205479452,15.7534246575342,17.1232876712329,4.79452054794521
"E00033110",155,9,30,104,12,74,3,5,60,6,81,6,25,44,6,5.80645161290323,19.3548387096774,67.0967741935484,7.74193548387097,47.741935483871,1.93548387096774,3.2258064516129,38.7096774193548,3.87096774193548,52.258064516129,3.87096774193548,16.1290322580645,28.3870967741935,3.87096774193548
"E00033112",163,18,38,83,24,91,4,12,56,19,72,14,26,27,5,11.0429447852761,23.3128834355828,50.920245398773,14.7239263803681,55.8282208588957,2.45398773006135,7.36196319018405,34.3558282208589,11.6564417177914,44.1717791411043,8.58895705521472,15.9509202453988,16.5644171779141,3.06748466257669
"E00033113",128,20,22,61,25,71,10,5,36,20,57,10,17,25,5,15.625,17.1875,47.65625,19.53125,55.46875,7.8125,3.90625,28.125,15.625,44.53125,7.8125,13.28125,19.53125,3.90625
"E00033114",145,22,19,77,27,83,9,8,46,20,62,13,11,31,7,15.1724137931034,13.1034482758621,53.1034482758621,18.6206896551724,57.2413793103448,6.20689655172414,5.51724137931035,31.7241379310345,13.7931034482759,42.7586206896552,8.96551724137931,7.58620689655172,21.3793103448276,4.82758620689655
"E00033115",62,8,8,36,10,35,4,3,21,7,27,4,5,15,3,12.9032258064516,12.9032258064516,58.0645161290323,16.1290322580645,56.4516129032258,6.45161290322581,4.83870967741935,33.8709677419355,11.2903225806452,43.5483870967742,6.45161290322581,8.06451612903226,24.1935483870968,4.83870967741935
"E00033116",40,6,6,25,3,19,3,2,11,3,21,3,4,14,0,15,15,62.5,7.5,47.5,7.5,5,27.5,7.5,52.5,7.5,10,35,0
"E00033117",162,23,31,77,31,87,9,9,47,22,75,14,22,30,9,14.1975308641975,19.1358024691358,47.5308641975309,19.1358024691358,53.7037037037037,5.55555555555556,5.55555555555556,29.0123456790123,13.5802469135802,46.2962962962963,8.64197530864197,13.5802469135802,18.5185185185185,5.55555555555556
"E00033118",164,14,42,93,15,81,5,8,55,13,83,9,34,38,2,8.53658536585366,25.609756097561,56.7073170731707,9.14634146341463,49.390243902439,3.04878048780488,4.8780487804878,33.5365853658537,7.92682926829268,50.609756097561,5.48780487804878,20.7317073170732,23.1707317073171,1.21951219512195
"E00033119",127,8,22,72,25,66,3,8,39,16,61,5,14,33,9,6.2992125984252,17.3228346456693,56.6929133858268,19.6850393700787,51.9685039370079,2.36220472440945,6.2992125984252,30.7086614173228,12.5984251968504,48.0314960629921,3.93700787401575,11.0236220472441,25.9842519685039,7.08661417322835
"E00033120",154,19,26,85,24,70,5,5,44,16,84,14,21,41,8,12.3376623376623,16.8831168831169,55.1948051948052,15.5844155844156,45.4545454545455,3.24675324675325,3.24675324675325,28.5714285714286,10.3896103896104,54.5454545454545,9.09090909090909,13.6363636363636,26.6233766233766,5.19480519480519
"E00033121",69,5,8,48,8,36,1,2,25,8,33,4,6,23,0,7.2463768115942,11.5942028985507,69.5652173913043,11.5942028985507,52.1739130434783,1.44927536231884,2.89855072463768,36.231884057971,11.5942028985507,47.8260869565217,5.79710144927536,8.69565217391304,33.3333333333333,0
"E00033122",115,6,22,77,10,59,1,4,47,7,56,5,18,30,3,5.21739130434783,19.1304347826087,66.9565217391304,8.69565217391304,51.304347826087,0.869565217391304,3.47826086956522,40.8695652173913,6.08695652173913,48.695652173913,4.34782608695652,15.6521739130435,26.0869565217391,2.60869565217391
"E00033123",99,10,17,63,9,52,3,6,38,5,47,7,11,25,4,10.1010101010101,17.1717171717172,63.6363636363636,9.09090909090909,52.5252525252525,3.03030303030303,6.06060606060606,38.3838383838384,5.05050505050505,47.4747474747475,7.07070707070707,11.1111111111111,25.2525252525253,4.04040404040404
"E00033124",163,11,28,95,29,86,4,8,55,19,77,7,20,40,10,6.74846625766871,17.1779141104294,58.2822085889571,17.7914110429448,52.760736196319,2.45398773006135,4.9079754601227,33.7423312883436,11.6564417177914,47.239263803681,4.29447852760736,12.2699386503067,24.5398773006135,6.13496932515337
"E00033125",79,4,24,44,7,39,2,8,24,5,40,2,16,20,2,5.06329113924051,30.379746835443,55.6962025316456,8.86075949367089,49.3670886075949,2.53164556962025,10.126582278481,30.379746835443,6.32911392405063,50.6329113924051,2.53164556962025,20.253164556962,25.3164556962025,2.53164556962025
"E00033126",116,14,21,68,13,63,3,8,44,8,53,11,13,24,5,12.0689655172414,18.1034482758621,58.6206896551724,11.2068965517241,54.3103448275862,2.58620689655172,6.89655172413793,37.9310344827586,6.89655172413793,45.6896551724138,9.48275862068965,11.2068965517241,20.6896551724138,4.31034482758621
"E00033127",217,23,38,119,37,115,12,12,67,24,102,11,26,52,13,10.5990783410138,17.5115207373272,54.8387096774194,17.0506912442396,52.9953917050691,5.52995391705069,5.52995391705069,30.8755760368664,11.0599078341014,47.0046082949309,5.06912442396313,11.9815668202765,23.963133640553,5.99078341013825
"E00033128",117,7,32,69,9,50,2,9,31,8,67,5,23,38,1,5.98290598290598,27.3504273504274,58.974358974359,7.69230769230769,42.7350427350427,1.70940170940171,7.69230769230769,26.4957264957265,6.83760683760684,57.2649572649573,4.27350427350427,19.6581196581197,32.4786324786325,0.854700854700855
"E00033129",104,15,18,68,3,54,6,5,41,2,50,9,13,27,1,14.4230769230769,17.3076923076923,65.3846153846154,2.88461538461538,51.9230769230769,5.76923076923077,4.80769230769231,39.4230769230769,1.92307692307692,48.0769230769231,8.65384615384615,12.5,25.9615384615385,0.961538461538462
"E00033130",185,22,45,99,19,98,8,14,62,14,87,14,31,37,5,11.8918918918919,24.3243243243243,53.5135135135135,10.2702702702703,52.972972972973,4.32432432432432,7.56756756756757,33.5135135135135,7.56756756756757,47.027027027027,7.56756756756757,16.7567567567568,20,2.7027027027027
"E00033131",99,9,24,59,7,54,6,11,33,4,45,3,13,26,3,9.09090909090909,24.2424242424242,59.5959595959596,7.07070707070707,54.5454545454545,6.06060606060606,11.1111111111111,33.3333333333333,4.04040404040404,45.4545454545455,3.03030303030303,13.1313131313131,26.2626262626263,3.03030303030303
"E00033132",221,17,53,131,20,107,5,12,75,15,114,12,41,56,5,7.69230769230769,23.9819004524887,59.2760180995475,9.04977375565611,48.4162895927602,2.26244343891403,5.42986425339367,33.9366515837104,6.78733031674208,51.5837104072398,5.42986425339367,18.552036199095,25.3393665158371,2.26244343891403
"E00033133",98,17,28,48,5,43,2,3,34,4,55,15,25,14,1,17.3469387755102,28.5714285714286,48.9795918367347,5.10204081632653,43.8775510204082,2.04081632653061,3.06122448979592,34.6938775510204,4.08163265306122,56.1224489795918,15.3061224489796,25.5102040816327,14.2857142857143,1.02040816326531
"E00033134",62,3,12,41,6,31,1,5,20,5,31,2,7,21,1,4.83870967741935,19.3548387096774,66.1290322580645,9.67741935483871,50,1.61290322580645,8.06451612903226,32.258064516129,8.06451612903226,50,3.2258064516129,11.2903225806452,33.8709677419355,1.61290322580645
"E00033135",177,10,47,113,7,98,6,12,74,6,79,4,35,39,1,5.64971751412429,26.5536723163842,63.8418079096045,3.95480225988701,55.3672316384181,3.38983050847458,6.77966101694915,41.8079096045198,3.38983050847458,44.6327683615819,2.25988700564972,19.774011299435,22.0338983050847,0.564971751412429
"E00033136",76,8,25,38,5,39,3,9,23,4,37,5,16,15,1,10.5263157894737,32.8947368421053,50,6.57894736842105,51.3157894736842,3.94736842105263,11.8421052631579,30.2631578947368,5.26315789473684,48.6842105263158,6.57894736842105,21.0526315789474,19.7368421052632,1.31578947368421
"E00033137",79,5,20,40,14,51,3,5,30,13,28,2,15,10,1,6.32911392405063,25.3164556962025,50.6329113924051,17.7215189873418,64.5569620253165,3.79746835443038,6.32911392405063,37.9746835443038,16.4556962025316,35.4430379746835,2.53164556962025,18.9873417721519,12.6582278481013,1.26582278481013
"E00033138",47,3,14,25,5,27,3,6,15,3,20,0,8,10,2,6.38297872340426,29.7872340425532,53.1914893617021,10.6382978723404,57.4468085106383,6.38297872340426,12.7659574468085,31.9148936170213,6.38297872340426,42.5531914893617,0,17.0212765957447,21.2765957446809,4.25531914893617
"E00033139",95,6,17,65,7,49,0,6,37,6,46,6,11,28,1,6.31578947368421,17.8947368421053,68.4210526315789,7.36842105263158,51.5789473684211,0,6.31578947368421,38.9473684210526,6.31578947368421,48.4210526315789,6.31578947368421,11.5789473684211,29.4736842105263,1.05263157894737
"E00033140",99,6,16,68,9,51,2,3,39,7,48,4,13,29,2,6.06060606060606,16.1616161616162,68.6868686868687,9.09090909090909,51.5151515151515,2.02020202020202,3.03030303030303,39.3939393939394,7.07070707070707,48.4848484848485,4.04040404040404,13.1313131313131,29.2929292929293,2.02020202020202
"E00033141",94,7,23,59,5,41,1,5,30,5,53,6,18,29,0,7.4468085106383,24.468085106383,62.7659574468085,5.31914893617021,43.6170212765958,1.06382978723404,5.31914893617021,31.9148936170213,5.31914893617021,56.3829787234042,6.38297872340426,19.1489361702128,30.8510638297872,0
"E00033142",126,11,33,74,8,62,2,10,44,6,64,9,23,30,2,8.73015873015873,26.1904761904762,58.7301587301587,6.34920634920635,49.2063492063492,1.58730158730159,7.93650793650794,34.9206349206349,4.76190476190476,50.7936507936508,7.14285714285714,18.2539682539683,23.8095238095238,1.58730158730159
"E00033143",99,10,21,60,8,50,1,6,37,6,49,9,15,23,2,10.1010101010101,21.2121212121212,60.6060606060606,8.08080808080808,50.5050505050505,1.01010101010101,6.06060606060606,37.3737373737374,6.06060606060606,49.4949494949495,9.09090909090909,15.1515151515152,23.2323232323232,2.02020202020202
"E00033144",83,9,19,51,4,38,3,8,25,2,45,6,11,26,2,10.8433734939759,22.8915662650602,61.4457831325301,4.81927710843374,45.7831325301205,3.6144578313253,9.63855421686747,30.1204819277108,2.40963855421687,54.2168674698795,7.2289156626506,13.2530120481928,31.3253012048193,2.40963855421687
"E00033145",137,9,42,77,9,66,4,11,42,9,71,5,31,35,0,6.56934306569343,30.6569343065693,56.2043795620438,6.56934306569343,48.1751824817518,2.91970802919708,8.02919708029197,30.6569343065693,6.56934306569343,51.8248175182482,3.64963503649635,22.6277372262774,25.5474452554745,0
"E00033146",125,16,27,74,8,64,5,5,47,7,61,11,22,27,1,12.8,21.6,59.2,6.4,51.2,4,4,37.6,5.6,48.8,8.8,17.6,21.6,0.8
"E00033147",162,16,32,104,10,80,6,10,58,6,82,10,22,46,4,9.87654320987654,19.7530864197531,64.1975308641975,6.17283950617284,49.3827160493827,3.7037037037037,6.17283950617284,35.8024691358025,3.7037037037037,50.6172839506173,6.17283950617284,13.5802469135802,28.3950617283951,2.46913580246914
"E00033148",120,8,25,81,6,62,3,4,51,4,58,5,21,30,2,6.66666666666667,20.8333333333333,67.5,5,51.6666666666667,2.5,3.33333333333333,42.5,3.33333333333333,48.3333333333333,4.16666666666667,17.5,25,1.66666666666667
"E00033149",81,3,25,49,4,41,1,6,30,4,40,2,19,19,0,3.7037037037037,30.8641975308642,60.4938271604938,4.93827160493827,50.6172839506173,1.23456790123457,7.40740740740741,37.037037037037,4.93827160493827,49.3827160493827,2.46913580246914,23.4567901234568,23.4567901234568,0
"E00033150",110,10,23,69,8,57,4,7,42,4,53,6,16,27,4,9.09090909090909,20.9090909090909,62.7272727272727,7.27272727272727,51.8181818181818,3.63636363636364,6.36363636363636,38.1818181818182,3.63636363636364,48.1818181818182,5.45454545454545,14.5454545454545,24.5454545454545,3.63636363636364
"E00033151",67,2,21,42,2,39,1,8,29,1,28,1,13,13,1,2.98507462686567,31.3432835820896,62.6865671641791,2.98507462686567,58.2089552238806,1.49253731343284,11.9402985074627,43.2835820895522,1.49253731343284,41.7910447761194,1.49253731343284,19.4029850746269,19.4029850746269,1.49253731343284
"E00033152",114,12,25,63,14,65,6,7,42,10,49,6,18,21,4,10.5263157894737,21.9298245614035,55.2631578947368,12.280701754386,57.0175438596491,5.26315789473684,6.14035087719298,36.8421052631579,8.7719298245614,42.9824561403509,5.26315789473684,15.7894736842105,18.4210526315789,3.50877192982456
"E00033153",154,11,46,87,10,79,5,13,53,8,75,6,33,34,2,7.14285714285714,29.8701298701299,56.4935064935065,6.49350649350649,51.2987012987013,3.24675324675325,8.44155844155844,34.4155844155844,5.19480519480519,48.7012987012987,3.8961038961039,21.4285714285714,22.0779220779221,1.2987012987013
"E00033154",48,5,12,30,1,20,1,4,15,0,28,4,8,15,1,10.4166666666667,25,62.5,2.08333333333333,41.6666666666667,2.08333333333333,8.33333333333333,31.25,0,58.3333333333333,8.33333333333333,16.6666666666667,31.25,2.08333333333333
"E00033155",91,10,24,55,2,41,5,6,29,1,50,5,18,26,1,10.989010989011,26.3736263736264,60.4395604395604,2.1978021978022,45.0549450549451,5.49450549450549,6.59340659340659,31.8681318681319,1.0989010989011,54.9450549450549,5.49450549450549,19.7802197802198,28.5714285714286,1.0989010989011
"E00033156",91,8,16,61,6,44,2,6,33,3,47,6,10,28,3,8.79120879120879,17.5824175824176,67.032967032967,6.59340659340659,48.3516483516484,2.1978021978022,6.59340659340659,36.2637362637363,3.2967032967033,51.6483516483517,6.59340659340659,10.989010989011,30.7692307692308,3.2967032967033
"E00033157",116,17,27,67,5,59,5,7,44,3,57,12,20,23,2,14.6551724137931,23.2758620689655,57.7586206896552,4.31034482758621,50.8620689655172,4.31034482758621,6.03448275862069,37.9310344827586,2.58620689655172,49.1379310344828,10.3448275862069,17.2413793103448,19.8275862068966,1.72413793103448
"E00033158",113,15,34,59,5,53,5,14,30,4,60,10,20,29,1,13.2743362831858,30.0884955752212,52.212389380531,4.42477876106195,46.9026548672566,4.42477876106195,12.3893805309735,26.5486725663717,3.53982300884956,53.0973451327434,8.84955752212389,17.6991150442478,25.6637168141593,0.884955752212389
"E00033159",49,4,20,21,4,18,1,5,11,1,31,3,15,10,3,8.16326530612245,40.8163265306122,42.8571428571429,8.16326530612245,36.734693877551,2.04081632653061,10.2040816326531,22.4489795918367,2.04081632653061,63.265306122449,6.12244897959184,30.6122448979592,20.4081632653061,6.12244897959184
"E00033160",109,5,29,66,9,55,2,7,39,7,54,3,22,27,2,4.58715596330275,26.605504587156,60.5504587155963,8.25688073394496,50.4587155963303,1.8348623853211,6.42201834862385,35.7798165137615,6.42201834862385,49.5412844036697,2.75229357798165,20.1834862385321,24.7706422018349,1.8348623853211
"E00033161",112,7,29,69,7,51,2,9,35,5,61,5,20,34,2,6.25,25.8928571428571,61.6071428571429,6.25,45.5357142857143,1.78571428571429,8.03571428571429,31.25,4.46428571428571,54.4642857142857,4.46428571428571,17.8571428571429,30.3571428571429,1.78571428571429
"E00033162",88,6,31,44,7,47,4,13,26,4,41,2,18,18,3,6.81818181818182,35.2272727272727,50,7.95454545454545,53.4090909090909,4.54545454545455,14.7727272727273,29.5454545454545,4.54545454545455,46.5909090909091,2.27272727272727,20.4545454545455,20.4545454545455,3.40909090909091
"E00033163",112,10,22,69,11,64,5,6,43,10,48,5,16,26,1,8.92857142857143,19.6428571428571,61.6071428571429,9.82142857142857,57.1428571428571,4.46428571428571,5.35714285714286,38.3928571428571,8.92857142857143,42.8571428571429,4.46428571428571,14.2857142857143,23.2142857142857,0.892857142857143
"E00033164",185,20,37,117,11,86,3,8,66,9,99,17,29,51,2,10.8108108108108,20,63.2432432432432,5.94594594594595,46.4864864864865,1.62162162162162,4.32432432432432,35.6756756756757,4.86486486486486,53.5135135135135,9.18918918918919,15.6756756756757,27.5675675675676,1.08108108108108
"E00033165",44,7,12,21,4,25,2,5,15,3,19,5,7,6,1,15.9090909090909,27.2727272727273,47.7272727272727,9.09090909090909,56.8181818181818,4.54545454545455,11.3636363636364,34.0909090909091,6.81818181818182,43.1818181818182,11.3636363636364,15.9090909090909,13.6363636363636,2.27272727272727
"E00033166",49,2,15,29,3,30,1,5,22,2,19,1,10,7,1,4.08163265306122,30.6122448979592,59.1836734693878,6.12244897959184,61.2244897959184,2.04081632653061,10.2040816326531,44.8979591836735,4.08163265306122,38.7755102040816,2.04081632653061,20.4081632653061,14.2857142857143,2.04081632653061
"E00033167",150,9,37,97,7,74,3,12,53,6,76,6,25,44,1,6,24.6666666666667,64.6666666666667,4.66666666666667,49.3333333333333,2,8,35.3333333333333,4,50.6666666666667,4,16.6666666666667,29.3333333333333,0.666666666666667
"E00033168",132,8,32,85,7,67,4,11,46,6,65,4,21,39,1,6.06060606060606,24.2424242424242,64.3939393939394,5.3030303030303,50.7575757575758,3.03030303030303,8.33333333333333,34.8484848484849,4.54545454545455,49.2424242424242,3.03030303030303,15.9090909090909,29.5454545454545,0.757575757575758
"E00033169",155,18,29,94,14,72,6,4,52,10,83,12,25,42,4,11.6129032258065,18.7096774193548,60.6451612903226,9.03225806451613,46.4516129032258,3.87096774193548,2.58064516129032,33.5483870967742,6.45161290322581,53.5483870967742,7.74193548387097,16.1290322580645,27.0967741935484,2.58064516129032
"E00033170",194,12,41,127,14,96,2,8,75,11,98,10,33,52,3,6.18556701030928,21.1340206185567,65.4639175257732,7.21649484536082,49.4845360824742,1.03092783505155,4.12371134020619,38.659793814433,5.67010309278351,50.5154639175258,5.15463917525773,17.0103092783505,26.8041237113402,1.54639175257732
"E00033171",184,18,45,112,9,90,4,8,71,7,94,14,37,41,2,9.78260869565217,24.4565217391304,60.8695652173913,4.89130434782609,48.9130434782609,2.17391304347826,4.34782608695652,38.5869565217391,3.80434782608696,51.0869565217391,7.60869565217391,20.1086956521739,22.2826086956522,1.08695652173913
"E00033172",59,8,14,33,4,30,2,8,17,3,29,6,6,16,1,13.5593220338983,23.728813559322,55.9322033898305,6.77966101694915,50.8474576271186,3.38983050847458,13.5593220338983,28.8135593220339,5.08474576271187,49.1525423728814,10.1694915254237,10.1694915254237,27.1186440677966,1.69491525423729
"E00033173",155,11,32,102,10,77,3,7,60,7,78,8,25,42,3,7.09677419354839,20.6451612903226,65.8064516129032,6.45161290322581,49.6774193548387,1.93548387096774,4.51612903225806,38.7096774193548,4.51612903225806,50.3225806451613,5.16129032258065,16.1290322580645,27.0967741935484,1.93548387096774
"E00033174",99,9,36,47,7,37,0,4,27,6,62,9,32,20,1,9.09090909090909,36.3636363636364,47.4747474747475,7.07070707070707,37.3737373737374,0,4.04040404040404,27.2727272727273,6.06060606060606,62.6262626262626,9.09090909090909,32.3232323232323,20.2020202020202,1.01010101010101
"E00033175",106,9,36,56,5,54,3,13,33,5,52,6,23,23,0,8.49056603773585,33.9622641509434,52.8301886792453,4.71698113207547,50.9433962264151,2.83018867924528,12.2641509433962,31.1320754716981,4.71698113207547,49.0566037735849,5.66037735849057,21.6981132075472,21.6981132075472,0
"E00033176",92,17,20,49,6,46,10,3,28,5,46,7,17,21,1,18.4782608695652,21.7391304347826,53.2608695652174,6.52173913043478,50,10.8695652173913,3.26086956521739,30.4347826086957,5.43478260869565,50,7.60869565217391,18.4782608695652,22.8260869565217,1.08695652173913
"E00033177",131,7,34,83,7,63,1,9,47,6,68,6,25,36,1,5.34351145038168,25.9541984732824,63.3587786259542,5.34351145038168,48.0916030534351,0.763358778625954,6.87022900763359,35.8778625954198,4.58015267175572,51.9083969465649,4.58015267175572,19.0839694656489,27.4809160305344,0.763358778625954
"E00033178",73,9,13,47,4,40,4,6,26,4,33,5,7,21,0,12.3287671232877,17.8082191780822,64.3835616438356,5.47945205479452,54.7945205479452,5.47945205479452,8.21917808219178,35.6164383561644,5.47945205479452,45.2054794520548,6.84931506849315,9.58904109589041,28.7671232876712,0
"E00033179",113,9,30,70,4,55,3,5,43,4,58,6,25,27,0,7.9646017699115,26.5486725663717,61.9469026548673,3.53982300884956,48.6725663716814,2.65486725663717,4.42477876106195,38.0530973451327,3.53982300884956,51.3274336283186,5.30973451327434,22.1238938053097,23.8938053097345,0
"E00033181",182,41,37,88,16,93,14,18,49,12,89,27,19,39,4,22.5274725274725,20.3296703296703,48.3516483516484,8.79120879120879,51.0989010989011,7.69230769230769,9.89010989010989,26.9230769230769,6.59340659340659,48.9010989010989,14.8351648351648,10.4395604395604,21.4285714285714,2.1978021978022
"E00033182",165,26,33,88,18,86,12,12,47,15,79,14,21,41,3,15.7575757575758,20,53.3333333333333,10.9090909090909,52.1212121212121,7.27272727272727,7.27272727272727,28.4848484848485,9.09090909090909,47.8787878787879,8.48484848484849,12.7272727272727,24.8484848484848,1.81818181818182
"E00033183",238,62,57,106,13,117,22,25,60,10,121,40,32,46,3,26.0504201680672,23.9495798319328,44.5378151260504,5.46218487394958,49.1596638655462,9.2436974789916,10.5042016806723,25.2100840336134,4.20168067226891,50.8403361344538,16.8067226890756,13.4453781512605,19.327731092437,1.26050420168067
"E00033185",144,37,28,69,10,79,14,12,46,7,65,23,16,23,3,25.6944444444444,19.4444444444444,47.9166666666667,6.94444444444444,54.8611111111111,9.72222222222222,8.33333333333333,31.9444444444444,4.86111111111111,45.1388888888889,15.9722222222222,11.1111111111111,15.9722222222222,2.08333333333333
"E00033186",159,44,31,77,7,85,19,17,47,2,74,25,14,30,5,27.6729559748428,19.4968553459119,48.4276729559748,4.40251572327044,53.4591194968553,11.9496855345912,10.6918238993711,29.559748427673,1.25786163522013,46.5408805031447,15.7232704402516,8.80503144654088,18.8679245283019,3.14465408805031
"E00033187",141,8,19,87,27,83,5,6,53,19,58,3,13,34,8,5.67375886524823,13.4751773049645,61.7021276595745,19.1489361702128,58.8652482269503,3.54609929078014,4.25531914893617,37.5886524822695,13.4751773049645,41.1347517730496,2.12765957446809,9.21985815602837,24.113475177305,5.67375886524823
"E00033188",169,30,35,89,15,103,16,16,61,10,66,14,19,28,5,17.7514792899408,20.7100591715976,52.6627218934911,8.87573964497041,60.9467455621302,9.46745562130178,9.46745562130178,36.094674556213,5.91715976331361,39.0532544378698,8.28402366863905,11.2426035502959,16.5680473372781,2.9585798816568
"E00033189",147,15,38,79,15,96,9,20,53,14,51,6,18,26,1,10.2040816326531,25.8503401360544,53.7414965986395,10.2040816326531,65.3061224489796,6.12244897959184,13.6054421768707,36.0544217687075,9.52380952380952,34.6938775510204,4.08163265306122,12.2448979591837,17.687074829932,0.680272108843537
"E00033190",166,21,46,78,21,100,12,16,59,13,66,9,30,19,8,12.6506024096386,27.710843373494,46.9879518072289,12.6506024096386,60.2409638554217,7.2289156626506,9.63855421686747,35.5421686746988,7.83132530120482,39.7590361445783,5.42168674698795,18.0722891566265,11.4457831325301,4.81927710843374
"E00033191",157,46,46,57,8,75,17,22,29,7,82,29,24,28,1,29.2993630573248,29.2993630573248,36.3057324840764,5.09554140127389,47.7707006369427,10.828025477707,14.0127388535032,18.4713375796178,4.45859872611465,52.2292993630573,18.4713375796178,15.2866242038217,17.8343949044586,0.636942675159236
"E00033192",123,45,19,55,4,64,19,11,30,4,59,26,8,25,0,36.5853658536585,15.4471544715447,44.7154471544715,3.2520325203252,52.0325203252033,15.4471544715447,8.94308943089431,24.390243902439,3.2520325203252,47.9674796747967,21.1382113821138,6.50406504065041,20.3252032520325,0
"E00033193",161,30,33,75,23,87,16,10,47,14,74,14,23,28,9,18.6335403726708,20.4968944099379,46.583850931677,14.2857142857143,54.0372670807453,9.93788819875776,6.2111801242236,29.1925465838509,8.69565217391304,45.9627329192547,8.69565217391304,14.2857142857143,17.3913043478261,5.59006211180124
"E00033194",146,26,33,78,9,73,9,16,41,7,73,17,17,37,2,17.8082191780822,22.6027397260274,53.4246575342466,6.16438356164384,50,6.16438356164384,10.958904109589,28.0821917808219,4.79452054794521,50,11.6438356164384,11.6438356164384,25.3424657534247,1.36986301369863
"E00033195",130,8,24,87,11,62,2,6,46,8,68,6,18,41,3,6.15384615384615,18.4615384615385,66.9230769230769,8.46153846153846,47.6923076923077,1.53846153846154,4.61538461538462,35.3846153846154,6.15384615384615,52.3076923076923,4.61538461538462,13.8461538461538,31.5384615384615,2.30769230769231
"E00033196",121,8,14,79,20,72,4,8,44,16,49,4,6,35,4,6.61157024793388,11.5702479338843,65.2892561983471,16.5289256198347,59.504132231405,3.30578512396694,6.61157024793388,36.3636363636364,13.2231404958678,40.495867768595,3.30578512396694,4.95867768595041,28.9256198347107,3.30578512396694
"E00033197",128,8,16,89,15,65,5,7,43,10,63,3,9,46,5,6.25,12.5,69.53125,11.71875,50.78125,3.90625,5.46875,33.59375,7.8125,49.21875,2.34375,7.03125,35.9375,3.90625
"E00033198",179,51,34,78,16,74,13,12,38,11,105,38,22,40,5,28.4916201117318,18.9944134078212,43.5754189944134,8.93854748603352,41.340782122905,7.26256983240224,6.70391061452514,21.2290502793296,6.14525139664804,58.659217877095,21.2290502793296,12.2905027932961,22.3463687150838,2.79329608938547
"E00033199",59,4,15,35,5,33,0,4,24,5,26,4,11,11,0,6.77966101694915,25.4237288135593,59.3220338983051,8.47457627118644,55.9322033898305,0,6.77966101694915,40.6779661016949,8.47457627118644,44.0677966101695,6.77966101694915,18.6440677966102,18.6440677966102,0
"E00033200",94,25,18,43,8,39,5,6,23,5,55,20,12,20,3,26.5957446808511,19.1489361702128,45.7446808510638,8.51063829787234,41.4893617021277,5.31914893617021,6.38297872340426,24.468085106383,5.31914893617021,58.5106382978723,21.2765957446809,12.7659574468085,21.2765957446809,3.19148936170213
"E00033201",124,23,17,72,12,61,11,3,38,9,63,12,14,34,3,18.5483870967742,13.7096774193548,58.0645161290323,9.67741935483871,49.1935483870968,8.87096774193548,2.41935483870968,30.6451612903226,7.25806451612903,50.8064516129032,9.67741935483871,11.2903225806452,27.4193548387097,2.41935483870968
"E00033202",139,30,25,67,17,62,12,6,33,11,77,18,19,34,6,21.5827338129496,17.9856115107914,48.2014388489209,12.2302158273381,44.6043165467626,8.63309352517986,4.31654676258993,23.7410071942446,7.9136690647482,55.3956834532374,12.9496402877698,13.6690647482014,24.4604316546763,4.31654676258993
"E00033203",122,11,20,81,10,67,3,8,52,4,55,8,12,29,6,9.01639344262295,16.3934426229508,66.3934426229508,8.19672131147541,54.9180327868852,2.45901639344262,6.55737704918033,42.6229508196721,3.27868852459016,45.0819672131148,6.55737704918033,9.83606557377049,23.7704918032787,4.91803278688525
"E00033204",143,17,26,87,13,71,7,11,44,9,72,10,15,43,4,11.8881118881119,18.1818181818182,60.8391608391608,9.09090909090909,49.6503496503497,4.89510489510489,7.69230769230769,30.7692307692308,6.29370629370629,50.3496503496504,6.99300699300699,10.4895104895105,30.0699300699301,2.7972027972028
"E00033206",151,52,23,46,30,84,24,6,33,21,67,28,17,13,9,34.4370860927152,15.2317880794702,30.4635761589404,19.8675496688742,55.6291390728477,15.8940397350993,3.97350993377483,21.8543046357616,13.9072847682119,44.3708609271523,18.5430463576159,11.2582781456954,8.60927152317881,5.96026490066225
"E00033207",89,15,26,40,8,41,7,7,22,5,48,8,19,18,3,16.8539325842697,29.2134831460674,44.9438202247191,8.98876404494382,46.0674157303371,7.86516853932584,7.86516853932584,24.7191011235955,5.61797752808989,53.9325842696629,8.98876404494382,21.3483146067416,20.2247191011236,3.37078651685393
"E00033208",84,14,16,45,9,52,9,5,31,7,32,5,11,14,2,16.6666666666667,19.047619047619,53.5714285714286,10.7142857142857,61.9047619047619,10.7142857142857,5.95238095238095,36.9047619047619,8.33333333333333,38.0952380952381,5.95238095238095,13.0952380952381,16.6666666666667,2.38095238095238
"E00033209",74,6,28,33,7,35,5,11,15,4,39,1,17,18,3,8.10810810810811,37.8378378378378,44.5945945945946,9.45945945945946,47.2972972972973,6.75675675675676,14.8648648648649,20.2702702702703,5.40540540540541,52.7027027027027,1.35135135135135,22.972972972973,24.3243243243243,4.05405405405405
"E00033210",91,13,36,39,3,51,5,17,26,3,40,8,19,13,0,14.2857142857143,39.5604395604396,42.8571428571429,3.2967032967033,56.043956043956,5.49450549450549,18.6813186813187,28.5714285714286,3.2967032967033,43.956043956044,8.79120879120879,20.8791208791209,14.2857142857143,0
"E00033211",111,14,25,59,13,62,12,10,32,8,49,2,15,27,5,12.6126126126126,22.5225225225225,53.1531531531532,11.7117117117117,55.8558558558559,10.8108108108108,9.00900900900901,28.8288288288288,7.20720720720721,44.1441441441441,1.8018018018018,13.5135135135135,24.3243243243243,4.5045045045045
"E00033212",85,7,29,42,7,46,3,10,27,6,39,4,19,15,1,8.23529411764706,34.1176470588235,49.4117647058824,8.23529411764706,54.1176470588235,3.52941176470588,11.7647058823529,31.7647058823529,7.05882352941176,45.8823529411765,4.70588235294118,22.3529411764706,17.6470588235294,1.17647058823529
"E00033213",150,34,30,77,9,101,23,16,53,9,49,11,14,24,0,22.6666666666667,20,51.3333333333333,6,67.3333333333333,15.3333333333333,10.6666666666667,35.3333333333333,6,32.6666666666667,7.33333333333333,9.33333333333333,16,0
"E00033214",160,17,48,79,16,92,9,24,47,12,68,8,24,32,4,10.625,30,49.375,10,57.5,5.625,15,29.375,7.5,42.5,5,15,20,2.5
"E00033215",113,11,25,62,15,63,7,16,29,11,50,4,9,33,4,9.73451327433628,22.1238938053097,54.8672566371681,13.2743362831858,55.7522123893805,6.19469026548673,14.1592920353982,25.6637168141593,9.73451327433628,44.2477876106195,3.53982300884956,7.9646017699115,29.2035398230088,3.53982300884956
"E00033216",122,9,20,80,13,68,3,8,48,9,54,6,12,32,4,7.37704918032787,16.3934426229508,65.5737704918033,10.655737704918,55.7377049180328,2.45901639344262,6.55737704918033,39.344262295082,7.37704918032787,44.2622950819672,4.91803278688525,9.83606557377049,26.2295081967213,3.27868852459016
"E00033217",155,20,27,89,19,90,11,11,57,11,65,9,16,32,8,12.9032258064516,17.4193548387097,57.4193548387097,12.258064516129,58.0645161290323,7.09677419354839,7.09677419354839,36.7741935483871,7.09677419354839,41.9354838709677,5.80645161290323,10.3225806451613,20.6451612903226,5.16129032258065
"E00033218",157,17,30,84,26,79,10,9,45,15,78,7,21,39,11,10.828025477707,19.1082802547771,53.5031847133758,16.5605095541401,50.3184713375796,6.36942675159236,5.73248407643312,28.6624203821656,9.55414012738854,49.6815286624204,4.45859872611465,13.3757961783439,24.8407643312102,7.00636942675159
"E00033219",175,23,32,91,29,88,9,14,47,18,87,14,18,44,11,13.1428571428571,18.2857142857143,52,16.5714285714286,50.2857142857143,5.14285714285714,8,26.8571428571429,10.2857142857143,49.7142857142857,8,10.2857142857143,25.1428571428571,6.28571428571429
"E00033220",143,33,28,71,11,73,15,12,38,8,70,18,16,33,3,23.0769230769231,19.5804195804196,49.6503496503497,7.69230769230769,51.0489510489511,10.4895104895105,8.39160839160839,26.5734265734266,5.59440559440559,48.951048951049,12.5874125874126,11.1888111888112,23.0769230769231,2.0979020979021
"E00033221",106,11,16,68,11,70,8,8,45,9,36,3,8,23,2,10.377358490566,15.0943396226415,64.1509433962264,10.377358490566,66.0377358490566,7.54716981132075,7.54716981132075,42.4528301886792,8.49056603773585,33.9622641509434,2.83018867924528,7.54716981132075,21.6981132075472,1.88679245283019
"E00033222",34,1,7,20,6,15,1,2,9,3,19,0,5,11,3,2.94117647058824,20.5882352941176,58.8235294117647,17.6470588235294,44.1176470588235,2.94117647058824,5.88235294117647,26.4705882352941,8.82352941176471,55.8823529411765,0,14.7058823529412,32.3529411764706,8.82352941176471
"E00033223",132,21,24,72,15,82,17,10,44,11,50,4,14,28,4,15.9090909090909,18.1818181818182,54.5454545454545,11.3636363636364,62.1212121212121,12.8787878787879,7.57575757575758,33.3333333333333,8.33333333333333,37.8787878787879,3.03030303030303,10.6060606060606,21.2121212121212,3.03030303030303
"E00033224",68,6,16,42,4,27,2,1,23,1,41,4,15,19,3,8.82352941176471,23.5294117647059,61.7647058823529,5.88235294117647,39.7058823529412,2.94117647058824,1.47058823529412,33.8235294117647,1.47058823529412,60.2941176470588,5.88235294117647,22.0588235294118,27.9411764705882,4.41176470588235
"E00033225",79,3,17,56,3,49,1,8,40,0,30,2,9,16,3,3.79746835443038,21.5189873417722,70.8860759493671,3.79746835443038,62.0253164556962,1.26582278481013,10.126582278481,50.6329113924051,0,37.9746835443038,2.53164556962025,11.3924050632911,20.253164556962,3.79746835443038
"E00033226",110,16,39,51,4,46,4,10,28,4,64,12,29,23,0,14.5454545454545,35.4545454545455,46.3636363636364,3.63636363636364,41.8181818181818,3.63636363636364,9.09090909090909,25.4545454545455,3.63636363636364,58.1818181818182,10.9090909090909,26.3636363636364,20.9090909090909,0
"E00033227",84,3,35,43,3,37,1,7,27,2,47,2,28,16,1,3.57142857142857,41.6666666666667,51.1904761904762,3.57142857142857,44.047619047619,1.19047619047619,8.33333333333333,32.1428571428571,2.38095238095238,55.952380952381,2.38095238095238,33.3333333333333,19.047619047619,1.19047619047619
"E00033228",90,6,20,59,5,43,3,9,26,5,47,3,11,33,0,6.66666666666667,22.2222222222222,65.5555555555556,5.55555555555556,47.7777777777778,3.33333333333333,10,28.8888888888889,5.55555555555556,52.2222222222222,3.33333333333333,12.2222222222222,36.6666666666667,0
"E00033229",120,11,29,71,9,61,6,5,43,7,59,5,24,28,2,9.16666666666667,24.1666666666667,59.1666666666667,7.5,50.8333333333333,5,4.16666666666667,35.8333333333333,5.83333333333333,49.1666666666667,4.16666666666667,20,23.3333333333333,1.66666666666667
"E00033230",129,19,36,68,6,62,3,6,47,6,67,16,30,21,0,14.7286821705426,27.906976744186,52.7131782945737,4.65116279069767,48.062015503876,2.32558139534884,4.65116279069767,36.4341085271318,4.65116279069767,51.937984496124,12.4031007751938,23.2558139534884,16.2790697674419,0
"E00033231",64,4,16,36,8,37,2,3,26,6,27,2,13,10,2,6.25,25,56.25,12.5,57.8125,3.125,4.6875,40.625,9.375,42.1875,3.125,20.3125,15.625,3.125
"E00033235",65,4,18,41,2,32,1,4,25,2,33,3,14,16,0,6.15384615384615,27.6923076923077,63.0769230769231,3.07692307692308,49.2307692307692,1.53846153846154,6.15384615384615,38.4615384615385,3.07692307692308,50.7692307692308,4.61538461538462,21.5384615384615,24.6153846153846,0
"E00033237",56,7,20,24,5,30,2,11,12,5,26,5,9,12,0,12.5,35.7142857142857,42.8571428571429,8.92857142857143,53.5714285714286,3.57142857142857,19.6428571428571,21.4285714285714,8.92857142857143,46.4285714285714,8.92857142857143,16.0714285714286,21.4285714285714,0
"E00033238",160,18,49,85,8,73,6,8,53,6,87,12,41,32,2,11.25,30.625,53.125,5,45.625,3.75,5,33.125,3.75,54.375,7.5,25.625,20,1.25
"E00033242",80,5,30,44,1,33,1,6,25,1,47,4,24,19,0,6.25,37.5,55,1.25,41.25,1.25,7.5,31.25,1.25,58.75,5,30,23.75,0
"E00033245",93,11,29,47,6,49,4,9,30,6,44,7,20,17,0,11.8279569892473,31.1827956989247,50.5376344086022,6.45161290322581,52.6881720430108,4.3010752688172,9.67741935483871,32.258064516129,6.45161290322581,47.3118279569892,7.52688172043011,21.505376344086,18.2795698924731,0
"E00033246",105,7,24,65,9,52,1,11,35,5,53,6,13,30,4,6.66666666666667,22.8571428571429,61.9047619047619,8.57142857142857,49.5238095238095,0.952380952380952,10.4761904761905,33.3333333333333,4.76190476190476,50.4761904761905,5.71428571428571,12.3809523809524,28.5714285714286,3.80952380952381
"E00033247",128,14,37,66,11,65,6,9,40,10,63,8,28,26,1,10.9375,28.90625,51.5625,8.59375,50.78125,4.6875,7.03125,31.25,7.8125,49.21875,6.25,21.875,20.3125,0.78125
"E00033248",64,3,14,39,8,42,1,6,28,7,22,2,8,11,1,4.6875,21.875,60.9375,12.5,65.625,1.5625,9.375,43.75,10.9375,34.375,3.125,12.5,17.1875,1.5625
"E00033249",78,6,15,49,8,40,1,6,25,8,38,5,9,24,0,7.69230769230769,19.2307692307692,62.8205128205128,10.2564102564103,51.2820512820513,1.28205128205128,7.69230769230769,32.0512820512821,10.2564102564103,48.7179487179487,6.41025641025641,11.5384615384615,30.7692307692308,0
"E00033250",47,5,13,22,7,20,0,2,13,5,27,5,11,9,2,10.6382978723404,27.6595744680851,46.8085106382979,14.8936170212766,42.5531914893617,0,4.25531914893617,27.6595744680851,10.6382978723404,57.4468085106383,10.6382978723404,23.4042553191489,19.1489361702128,4.25531914893617
"E00033251",47,7,13,25,2,20,4,3,12,1,27,3,10,13,1,14.8936170212766,27.6595744680851,53.1914893617021,4.25531914893617,42.5531914893617,8.51063829787234,6.38297872340426,25.531914893617,2.12765957446809,57.4468085106383,6.38297872340426,21.2765957446809,27.6595744680851,2.12765957446809
"E00033252",67,10,16,36,5,36,0,5,27,4,31,10,11,9,1,14.9253731343284,23.8805970149254,53.7313432835821,7.46268656716418,53.7313432835821,0,7.46268656716418,40.2985074626866,5.97014925373134,46.2686567164179,14.9253731343284,16.4179104477612,13.4328358208955,1.49253731343284
"E00033253",62,2,18,39,3,30,0,7,21,2,32,2,11,18,1,3.2258064516129,29.0322580645161,62.9032258064516,4.83870967741935,48.3870967741936,0,11.2903225806452,33.8709677419355,3.2258064516129,51.6129032258064,3.2258064516129,17.741935483871,29.0322580645161,1.61290322580645
"E00033254",133,11,37,74,11,59,1,5,44,9,74,10,32,30,2,8.27067669172932,27.8195488721804,55.6390977443609,8.27067669172932,44.3609022556391,0.75187969924812,3.7593984962406,33.0827067669173,6.76691729323308,55.6390977443609,7.5187969924812,24.0601503759398,22.5563909774436,1.50375939849624
"E00033255",97,6,29,61,1,48,2,11,34,1,49,4,18,27,0,6.18556701030928,29.8969072164948,62.8865979381443,1.03092783505155,49.4845360824742,2.06185567010309,11.340206185567,35.0515463917526,1.03092783505155,50.5154639175258,4.12371134020619,18.5567010309278,27.8350515463918,0
"E00033256",79,5,24,44,6,40,2,4,29,5,39,3,20,15,1,6.32911392405063,30.379746835443,55.6962025316456,7.59493670886076,50.6329113924051,2.53164556962025,5.06329113924051,36.7088607594937,6.32911392405063,49.3670886075949,3.79746835443038,25.3164556962025,18.9873417721519,1.26582278481013
"E00033257",125,7,31,78,9,61,2,6,46,7,64,5,25,32,2,5.6,24.8,62.4,7.2,48.8,1.6,4.8,36.8,5.6,51.2,4,20,25.6,1.6
"E00033258",60,4,21,34,1,21,2,2,17,0,39,2,19,17,1,6.66666666666667,35,56.6666666666667,1.66666666666667,35,3.33333333333333,3.33333333333333,28.3333333333333,0,65,3.33333333333333,31.6666666666667,28.3333333333333,1.66666666666667
"E00033259",52,3,14,34,1,34,3,5,25,1,18,0,9,9,0,5.76923076923077,26.9230769230769,65.3846153846154,1.92307692307692,65.3846153846154,5.76923076923077,9.61538461538462,48.0769230769231,1.92307692307692,34.6153846153846,0,17.3076923076923,17.3076923076923,0
"E00033260",100,7,33,50,10,45,2,10,26,7,55,5,23,24,3,7,33,50,10,45,2,10,26,7,55,5,23,24,3
"E00033261",89,8,25,53,3,44,0,5,36,3,45,8,20,17,0,8.98876404494382,28.0898876404494,59.5505617977528,3.37078651685393,49.438202247191,0,5.61797752808989,40.4494382022472,3.37078651685393,50.561797752809,8.98876404494382,22.4719101123595,19.1011235955056,0
"E00033262",48,5,8,33,2,29,2,3,23,1,19,3,5,10,1,10.4166666666667,16.6666666666667,68.75,4.16666666666667,60.4166666666667,4.16666666666667,6.25,47.9166666666667,2.08333333333333,39.5833333333333,6.25,10.4166666666667,20.8333333333333,2.08333333333333
"E00033263",54,3,12,38,1,30,1,3,25,1,24,2,9,13,0,5.55555555555556,22.2222222222222,70.3703703703704,1.85185185185185,55.5555555555556,1.85185185185185,5.55555555555556,46.2962962962963,1.85185185185185,44.4444444444444,3.7037037037037,16.6666666666667,24.0740740740741,0
"E00033264",72,6,26,34,6,40,2,8,25,5,32,4,18,9,1,8.33333333333333,36.1111111111111,47.2222222222222,8.33333333333333,55.5555555555556,2.77777777777778,11.1111111111111,34.7222222222222,6.94444444444444,44.4444444444444,5.55555555555556,25,12.5,1.38888888888889
"E00033265",108,15,33,53,7,55,5,12,31,7,53,10,21,22,0,13.8888888888889,30.5555555555556,49.0740740740741,6.48148148148148,50.9259259259259,4.62962962962963,11.1111111111111,28.7037037037037,6.48148148148148,49.0740740740741,9.25925925925926,19.4444444444444,20.3703703703704,0
"E00033266",139,9,32,79,19,75,3,12,45,15,64,6,20,34,4,6.47482014388489,23.021582733813,56.8345323741007,13.6690647482014,53.9568345323741,2.15827338129496,8.63309352517986,32.3741007194245,10.7913669064748,46.0431654676259,4.31654676258993,14.3884892086331,24.4604316546763,2.87769784172662
"E00033267",80,5,17,56,2,43,2,5,34,2,37,3,12,22,0,6.25,21.25,70,2.5,53.75,2.5,6.25,42.5,2.5,46.25,3.75,15,27.5,0
"E00033268",144,16,31,90,7,77,5,11,55,6,67,11,20,35,1,11.1111111111111,21.5277777777778,62.5,4.86111111111111,53.4722222222222,3.47222222222222,7.63888888888889,38.1944444444444,4.16666666666667,46.5277777777778,7.63888888888889,13.8888888888889,24.3055555555556,0.694444444444444
"E00033269",69,12,11,38,8,42,7,4,25,6,27,5,7,13,2,17.3913043478261,15.9420289855072,55.0724637681159,11.5942028985507,60.8695652173913,10.1449275362319,5.79710144927536,36.231884057971,8.69565217391304,39.1304347826087,7.2463768115942,10.1449275362319,18.8405797101449,2.89855072463768
"E00033270",162,7,38,100,17,82,2,12,55,13,80,5,26,45,4,4.32098765432099,23.4567901234568,61.7283950617284,10.4938271604938,50.6172839506173,1.23456790123457,7.40740740740741,33.9506172839506,8.02469135802469,49.3827160493827,3.08641975308642,16.0493827160494,27.7777777777778,2.46913580246914
"E00033271",212,21,44,122,25,114,9,14,70,21,98,12,30,52,4,9.90566037735849,20.7547169811321,57.5471698113208,11.7924528301887,53.7735849056604,4.24528301886792,6.60377358490566,33.0188679245283,9.90566037735849,46.2264150943396,5.66037735849057,14.1509433962264,24.5283018867925,1.88679245283019
"E00033272",148,13,29,93,13,78,7,9,52,10,70,6,20,41,3,8.78378378378378,19.5945945945946,62.8378378378378,8.78378378378378,52.7027027027027,4.72972972972973,6.08108108108108,35.1351351351351,6.75675675675676,47.2972972972973,4.05405405405405,13.5135135135135,27.7027027027027,2.02702702702703
"E00033274",101,6,27,60,8,53,1,7,38,7,48,5,20,22,1,5.94059405940594,26.7326732673267,59.4059405940594,7.92079207920792,52.4752475247525,0.99009900990099,6.93069306930693,37.6237623762376,6.93069306930693,47.5247524752475,4.95049504950495,19.8019801980198,21.7821782178218,0.99009900990099
"E00033275",118,8,27,71,12,52,1,5,37,9,66,7,22,34,3,6.77966101694915,22.8813559322034,60.1694915254237,10.1694915254237,44.0677966101695,0.847457627118644,4.23728813559322,31.3559322033898,7.6271186440678,55.9322033898305,5.93220338983051,18.6440677966102,28.8135593220339,2.54237288135593
"E00033276",101,7,19,67,8,46,1,2,38,5,55,6,17,29,3,6.93069306930693,18.8118811881188,66.3366336633663,7.92079207920792,45.5445544554455,0.99009900990099,1.98019801980198,37.6237623762376,4.95049504950495,54.4554455445545,5.94059405940594,16.8316831683168,28.7128712871287,2.97029702970297
"E00033277",73,4,30,35,4,31,0,8,19,4,42,4,22,16,0,5.47945205479452,41.0958904109589,47.945205479452,5.47945205479452,42.4657534246575,0,10.958904109589,26.027397260274,5.47945205479452,57.5342465753425,5.47945205479452,30.1369863013699,21.9178082191781,0
"E00033278",98,6,22,60,10,43,2,6,29,6,55,4,16,31,4,6.12244897959184,22.4489795918367,61.2244897959184,10.2040816326531,43.8775510204082,2.04081632653061,6.12244897959184,29.5918367346939,6.12244897959184,56.1224489795918,4.08163265306122,16.3265306122449,31.6326530612245,4.08163265306122
"E00033279",112,8,28,71,5,57,2,9,41,5,55,6,19,30,0,7.14285714285714,25,63.3928571428571,4.46428571428571,50.8928571428571,1.78571428571429,8.03571428571429,36.6071428571429,4.46428571428571,49.1071428571429,5.35714285714286,16.9642857142857,26.7857142857143,0
"E00033281",147,10,30,93,14,79,4,8,56,11,68,6,22,37,3,6.80272108843537,20.4081632653061,63.265306122449,9.52380952380952,53.7414965986395,2.72108843537415,5.4421768707483,38.0952380952381,7.48299319727891,46.2585034013605,4.08163265306122,14.9659863945578,25.1700680272109,2.04081632653061
"E00033282",120,9,20,80,11,59,4,7,39,9,61,5,13,41,2,7.5,16.6666666666667,66.6666666666667,9.16666666666667,49.1666666666667,3.33333333333333,5.83333333333333,32.5,7.5,50.8333333333333,4.16666666666667,10.8333333333333,34.1666666666667,1.66666666666667
"E00033283",117,8,31,74,4,56,4,9,40,3,61,4,22,34,1,6.83760683760684,26.4957264957265,63.2478632478632,3.41880341880342,47.8632478632479,3.41880341880342,7.69230769230769,34.1880341880342,2.56410256410256,52.1367521367521,3.41880341880342,18.8034188034188,29.0598290598291,0.854700854700855
"E00033284",70,8,16,37,9,48,5,7,27,9,22,3,9,10,0,11.4285714285714,22.8571428571429,52.8571428571429,12.8571428571429,68.5714285714286,7.14285714285714,10,38.5714285714286,12.8571428571429,31.4285714285714,4.28571428571429,12.8571428571429,14.2857142857143,0
"E00033285",132,10,31,84,7,67,5,9,48,5,65,5,22,36,2,7.57575757575758,23.4848484848485,63.6363636363636,5.3030303030303,50.7575757575758,3.78787878787879,6.81818181818182,36.3636363636364,3.78787878787879,49.2424242424242,3.78787878787879,16.6666666666667,27.2727272727273,1.51515151515152
"E00033286",52,4,11,30,7,25,0,2,17,6,27,4,9,13,1,7.69230769230769,21.1538461538462,57.6923076923077,13.4615384615385,48.0769230769231,0,3.84615384615385,32.6923076923077,11.5384615384615,51.9230769230769,7.69230769230769,17.3076923076923,25,1.92307692307692
"E00033287",153,7,37,96,13,78,5,4,59,10,75,2,33,37,3,4.57516339869281,24.1830065359477,62.7450980392157,8.49673202614379,50.9803921568627,3.26797385620915,2.61437908496732,38.562091503268,6.5359477124183,49.0196078431373,1.30718954248366,21.5686274509804,24.1830065359477,1.96078431372549
"E00033288",167,15,34,108,10,84,3,7,65,9,83,12,27,43,1,8.98203592814371,20.3592814371257,64.6706586826347,5.98802395209581,50.2994011976048,1.79640718562874,4.19161676646707,38.9221556886228,5.38922155688623,49.7005988023952,7.18562874251497,16.1676646706587,25.748502994012,0.598802395209581
"E00033289",137,8,27,92,10,67,2,4,52,9,70,6,23,40,1,5.83941605839416,19.7080291970803,67.1532846715328,7.2992700729927,48.9051094890511,1.45985401459854,2.91970802919708,37.956204379562,6.56934306569343,51.0948905109489,4.37956204379562,16.7883211678832,29.1970802919708,0.72992700729927
"E00033290",128,10,25,83,10,66,6,8,45,7,62,4,17,38,3,7.8125,19.53125,64.84375,7.8125,51.5625,4.6875,6.25,35.15625,5.46875,48.4375,3.125,13.28125,29.6875,2.34375
"E00033291",249,6,67,160,16,111,2,13,84,12,138,4,54,76,4,2.40963855421687,26.9076305220884,64.2570281124498,6.42570281124498,44.578313253012,0.803212851405622,5.22088353413655,33.7349397590361,4.81927710843374,55.421686746988,1.60642570281124,21.6867469879518,30.5220883534137,1.60642570281124
"E00033292",105,2,21,72,10,45,2,1,32,10,60,0,20,40,0,1.9047619047619,20,68.5714285714286,9.52380952380952,42.8571428571429,1.9047619047619,0.952380952380952,30.4761904761905,9.52380952380952,57.1428571428571,0,19.047619047619,38.0952380952381,0
"E00033293",114,6,21,77,10,49,2,2,39,6,65,4,19,38,4,5.26315789473684,18.4210526315789,67.5438596491228,8.7719298245614,42.9824561403509,1.75438596491228,1.75438596491228,34.2105263157895,5.26315789473684,57.0175438596491,3.50877192982456,16.6666666666667,33.3333333333333,3.50877192982456
"E00033294",106,4,25,65,12,58,2,6,39,11,48,2,19,26,1,3.77358490566038,23.5849056603774,61.3207547169811,11.3207547169811,54.7169811320755,1.88679245283019,5.66037735849057,36.7924528301887,10.377358490566,45.2830188679245,1.88679245283019,17.9245283018868,24.5283018867925,0.943396226415094
"E00033295",140,19,25,79,17,64,5,5,42,12,76,14,20,37,5,13.5714285714286,17.8571428571429,56.4285714285714,12.1428571428571,45.7142857142857,3.57142857142857,3.57142857142857,30,8.57142857142857,54.2857142857143,10,14.2857142857143,26.4285714285714,3.57142857142857
"E00033296",133,10,24,84,15,78,6,5,56,11,55,4,19,28,4,7.5187969924812,18.0451127819549,63.1578947368421,11.2781954887218,58.6466165413534,4.51127819548872,3.7593984962406,42.1052631578947,8.27067669172932,41.3533834586466,3.00751879699248,14.2857142857143,21.0526315789474,3.00751879699248
"E00033297",115,5,23,80,7,58,3,6,44,5,57,2,17,36,2,4.34782608695652,20,69.5652173913043,6.08695652173913,50.4347826086956,2.60869565217391,5.21739130434783,38.2608695652174,4.34782608695652,49.5652173913044,1.73913043478261,14.7826086956522,31.304347826087,1.73913043478261
"E00033298",109,10,19,76,4,59,6,2,48,3,50,4,17,28,1,9.1743119266055,17.4311926605505,69.7247706422018,3.6697247706422,54.1284403669725,5.5045871559633,1.8348623853211,44.0366972477064,2.75229357798165,45.8715596330275,3.6697247706422,15.5963302752294,25.6880733944954,0.917431192660551
"E00033299",114,10,25,68,11,50,2,6,34,8,64,8,19,34,3,8.7719298245614,21.9298245614035,59.6491228070175,9.64912280701754,43.859649122807,1.75438596491228,5.26315789473684,29.8245614035088,7.01754385964912,56.140350877193,7.01754385964912,16.6666666666667,29.8245614035088,2.63157894736842
"E00033300",88,8,17,58,5,45,2,6,33,4,43,6,11,25,1,9.09090909090909,19.3181818181818,65.9090909090909,5.68181818181818,51.1363636363636,2.27272727272727,6.81818181818182,37.5,4.54545454545455,48.8636363636364,6.81818181818182,12.5,28.4090909090909,1.13636363636364
"E00033301",114,12,35,56,11,49,4,7,30,8,65,8,28,26,3,10.5263157894737,30.7017543859649,49.1228070175439,9.64912280701754,42.9824561403509,3.50877192982456,6.14035087719298,26.3157894736842,7.01754385964912,57.0175438596491,7.01754385964912,24.5614035087719,22.8070175438596,2.63157894736842
"E00033302",73,6,24,39,4,31,0,6,22,3,42,6,18,17,1,8.21917808219178,32.8767123287671,53.4246575342466,5.47945205479452,42.4657534246575,0,8.21917808219178,30.1369863013699,4.10958904109589,57.5342465753425,8.21917808219178,24.6575342465753,23.2876712328767,1.36986301369863
"E00033304",104,7,23,67,7,46,2,7,31,6,58,5,16,36,1,6.73076923076923,22.1153846153846,64.4230769230769,6.73076923076923,44.2307692307692,1.92307692307692,6.73076923076923,29.8076923076923,5.76923076923077,55.7692307692308,4.80769230769231,15.3846153846154,34.6153846153846,0.961538461538462
"E00033305",116,7,33,66,10,55,1,9,36,9,61,6,24,30,1,6.03448275862069,28.448275862069,56.8965517241379,8.62068965517241,47.4137931034483,0.862068965517241,7.75862068965517,31.0344827586207,7.75862068965517,52.5862068965517,5.17241379310345,20.6896551724138,25.8620689655172,0.862068965517241
"E00033306",103,9,25,63,6,42,2,4,31,5,61,7,21,32,1,8.7378640776699,24.2718446601942,61.1650485436893,5.8252427184466,40.7766990291262,1.94174757281553,3.88349514563107,30.0970873786408,4.85436893203883,59.2233009708738,6.79611650485437,20.3883495145631,31.0679611650485,0.970873786407767
"E00033307",107,10,29,58,10,54,4,7,33,10,53,6,22,25,0,9.34579439252336,27.1028037383178,54.2056074766355,9.34579439252336,50.4672897196262,3.73831775700935,6.54205607476635,30.8411214953271,9.34579439252336,49.5327102803738,5.60747663551402,20.5607476635514,23.3644859813084,0
"E00033308",116,9,29,72,6,56,0,7,45,4,60,9,22,27,2,7.75862068965517,25,62.0689655172414,5.17241379310345,48.2758620689655,0,6.03448275862069,38.7931034482759,3.44827586206897,51.7241379310345,7.75862068965517,18.9655172413793,23.2758620689655,1.72413793103448
"E00033309",104,14,34,51,5,48,5,9,30,4,56,9,25,21,1,13.4615384615385,32.6923076923077,49.0384615384615,4.80769230769231,46.1538461538462,4.80769230769231,8.65384615384615,28.8461538461538,3.84615384615385,53.8461538461538,8.65384615384615,24.0384615384615,20.1923076923077,0.961538461538462
"E00033310",104,10,28,59,7,53,7,5,34,7,51,3,23,25,0,9.61538461538462,26.9230769230769,56.7307692307692,6.73076923076923,50.9615384615385,6.73076923076923,4.80769230769231,32.6923076923077,6.73076923076923,49.0384615384615,2.88461538461538,22.1153846153846,24.0384615384615,0
"E00033312",95,6,19,62,8,49,3,4,35,7,46,3,15,27,1,6.31578947368421,20,65.2631578947368,8.42105263157895,51.5789473684211,3.15789473684211,4.21052631578947,36.8421052631579,7.36842105263158,48.4210526315789,3.15789473684211,15.7894736842105,28.4210526315789,1.05263157894737
"E00033313",125,16,35,62,12,55,6,4,33,12,70,10,31,29,0,12.8,28,49.6,9.6,44,4.8,3.2,26.4,9.6,56,8,24.8,23.2,0
"E00033314",149,13,40,87,9,63,7,9,39,8,86,6,31,48,1,8.7248322147651,26.8456375838926,58.3892617449664,6.04026845637584,42.2818791946309,4.69798657718121,6.04026845637584,26.1744966442953,5.36912751677852,57.7181208053691,4.02684563758389,20.8053691275168,32.2147651006711,0.671140939597315
"E00033315",135,17,38,73,7,63,2,11,45,5,72,15,27,28,2,12.5925925925926,28.1481481481481,54.0740740740741,5.18518518518519,46.6666666666667,1.48148148148148,8.14814814814815,33.3333333333333,3.7037037037037,53.3333333333333,11.1111111111111,20,20.7407407407407,1.48148148148148
"E00033316",164,10,34,97,23,79,2,6,59,12,85,8,28,38,11,6.09756097560976,20.7317073170732,59.1463414634146,14.0243902439024,48.1707317073171,1.21951219512195,3.65853658536585,35.9756097560976,7.31707317073171,51.8292682926829,4.8780487804878,17.0731707317073,23.1707317073171,6.70731707317073
"E00033317",201,12,33,134,22,95,4,8,68,15,106,8,25,66,7,5.97014925373134,16.4179104477612,66.6666666666667,10.9452736318408,47.2636815920398,1.99004975124378,3.98009950248756,33.8308457711443,7.46268656716418,52.7363184079602,3.98009950248756,12.4378109452736,32.8358208955224,3.48258706467662
"E00033318",142,13,28,93,8,67,6,7,48,6,75,7,21,45,2,9.15492957746479,19.7183098591549,65.4929577464789,5.63380281690141,47.1830985915493,4.22535211267606,4.92957746478873,33.8028169014084,4.22535211267606,52.8169014084507,4.92957746478873,14.7887323943662,31.6901408450704,1.40845070422535
"E00033319",216,21,46,128,21,103,4,16,71,12,113,17,30,57,9,9.72222222222222,21.2962962962963,59.2592592592593,9.72222222222222,47.6851851851852,1.85185185185185,7.40740740740741,32.8703703703704,5.55555555555556,52.3148148148148,7.87037037037037,13.8888888888889,26.3888888888889,4.16666666666667
"E00033320",147,12,24,100,11,73,3,6,55,9,74,9,18,45,2,8.16326530612245,16.3265306122449,68.0272108843537,7.48299319727891,49.6598639455782,2.04081632653061,4.08163265306122,37.4149659863946,6.12244897959184,50.3401360544218,6.12244897959184,12.2448979591837,30.6122448979592,1.36054421768707
"E00033322",158,17,29,87,25,82,5,9,49,19,76,12,20,38,6,10.7594936708861,18.3544303797468,55.0632911392405,15.8227848101266,51.8987341772152,3.16455696202532,5.69620253164557,31.0126582278481,12.0253164556962,48.1012658227848,7.59493670886076,12.6582278481013,24.0506329113924,3.79746835443038
"E00033323",147,16,30,86,15,70,3,7,50,10,77,13,23,36,5,10.8843537414966,20.4081632653061,58.5034013605442,10.2040816326531,47.6190476190476,2.04081632653061,4.76190476190476,34.0136054421769,6.80272108843537,52.3809523809524,8.84353741496599,15.6462585034014,24.4897959183673,3.40136054421769
"E00033324",164,14,31,94,25,77,4,7,51,15,87,10,24,43,10,8.53658536585366,18.9024390243902,57.3170731707317,15.2439024390244,46.9512195121951,2.4390243902439,4.26829268292683,31.0975609756098,9.14634146341463,53.0487804878049,6.09756097560976,14.6341463414634,26.219512195122,6.09756097560976
"E00033326",138,11,25,81,21,75,6,3,48,18,63,5,22,33,3,7.97101449275362,18.1159420289855,58.695652173913,15.2173913043478,54.3478260869565,4.34782608695652,2.17391304347826,34.7826086956522,13.0434782608696,45.6521739130435,3.6231884057971,15.9420289855072,23.9130434782609,2.17391304347826
"E00033327",147,12,31,93,11,71,0,5,56,10,76,12,26,37,1,8.16326530612245,21.0884353741497,63.265306122449,7.48299319727891,48.2993197278912,0,3.40136054421769,38.0952380952381,6.80272108843537,51.7006802721088,8.16326530612245,17.687074829932,25.1700680272109,0.680272108843537
"E00033328",86,5,20,50,11,47,1,5,33,8,39,4,15,17,3,5.81395348837209,23.2558139534884,58.1395348837209,12.7906976744186,54.6511627906977,1.16279069767442,5.81395348837209,38.3720930232558,9.30232558139535,45.3488372093023,4.65116279069767,17.4418604651163,19.7674418604651,3.48837209302326
"E00033329",159,12,31,102,14,77,6,6,55,10,82,6,25,47,4,7.54716981132075,19.4968553459119,64.1509433962264,8.80503144654088,48.4276729559748,3.77358490566038,3.77358490566038,34.5911949685535,6.28930817610063,51.5723270440252,3.77358490566038,15.7232704402516,29.559748427673,2.51572327044025
"E00033330",154,13,34,92,15,77,6,10,49,12,77,7,24,43,3,8.44155844155844,22.0779220779221,59.7402597402597,9.74025974025974,50,3.8961038961039,6.49350649350649,31.8181818181818,7.79220779220779,50,4.54545454545455,15.5844155844156,27.9220779220779,1.94805194805195
"E00033331",135,7,36,79,13,69,2,8,50,9,66,5,28,29,4,5.18518518518519,26.6666666666667,58.5185185185185,9.62962962962963,51.1111111111111,1.48148148148148,5.92592592592593,37.037037037037,6.66666666666667,48.8888888888889,3.7037037037037,20.7407407407407,21.4814814814815,2.96296296296296
"E00033332",170,16,38,96,20,91,10,5,61,15,79,6,33,35,5,9.41176470588235,22.3529411764706,56.4705882352941,11.7647058823529,53.5294117647059,5.88235294117647,2.94117647058824,35.8823529411765,8.82352941176471,46.4705882352941,3.52941176470588,19.4117647058824,20.5882352941176,2.94117647058824
"E00033333",157,23,36,83,15,77,8,11,47,11,80,15,25,36,4,14.6496815286624,22.9299363057325,52.8662420382166,9.55414012738854,49.0445859872611,5.09554140127389,7.00636942675159,29.9363057324841,7.00636942675159,50.9554140127389,9.55414012738854,15.9235668789809,22.9299363057325,2.54777070063694
"E00033334",149,15,31,89,14,76,7,8,51,10,73,8,23,38,4,10.0671140939597,20.8053691275168,59.7315436241611,9.39597315436242,51.006711409396,4.69798657718121,5.36912751677852,34.2281879194631,6.71140939597315,48.993288590604,5.36912751677852,15.4362416107383,25.503355704698,2.68456375838926
"E00033335",131,11,31,73,16,67,5,11,40,11,64,6,20,33,5,8.3969465648855,23.6641221374046,55.7251908396947,12.2137404580153,51.1450381679389,3.81679389312977,8.3969465648855,30.5343511450382,8.3969465648855,48.8549618320611,4.58015267175572,15.2671755725191,25.1908396946565,3.81679389312977
"E00033336",158,8,29,108,13,83,4,2,70,7,75,4,27,38,6,5.06329113924051,18.3544303797468,68.3544303797468,8.22784810126582,52.5316455696203,2.53164556962025,1.26582278481013,44.3037974683544,4.43037974683544,47.4683544303797,2.53164556962025,17.0886075949367,24.0506329113924,3.79746835443038
"E00033337",97,9,16,58,14,53,6,3,34,10,44,3,13,24,4,9.27835051546392,16.4948453608247,59.7938144329897,14.4329896907216,54.639175257732,6.18556701030928,3.09278350515464,35.0515463917526,10.3092783505155,45.360824742268,3.09278350515464,13.4020618556701,24.7422680412371,4.12371134020619
"E00033338",132,12,26,71,23,66,5,6,36,19,66,7,20,35,4,9.09090909090909,19.6969696969697,53.7878787878788,17.4242424242424,50,3.78787878787879,4.54545454545455,27.2727272727273,14.3939393939394,50,5.3030303030303,15.1515151515152,26.5151515151515,3.03030303030303
"E00033339",162,18,37,84,23,85,8,12,48,17,77,10,25,36,6,11.1111111111111,22.8395061728395,51.8518518518518,14.1975308641975,52.4691358024691,4.93827160493827,7.40740740740741,29.6296296296296,10.4938271604938,47.5308641975309,6.17283950617284,15.4320987654321,22.2222222222222,3.7037037037037
"E00033340",166,18,34,96,18,84,10,5,59,10,82,8,29,37,8,10.8433734939759,20.4819277108434,57.8313253012048,10.8433734939759,50.6024096385542,6.02409638554217,3.01204819277108,35.5421686746988,6.02409638554217,49.3975903614458,4.81927710843374,17.4698795180723,22.289156626506,4.81927710843374
"E00033341",156,10,33,101,12,83,5,5,63,10,73,5,28,38,2,6.41025641025641,21.1538461538462,64.7435897435898,7.69230769230769,53.2051282051282,3.2051282051282,3.2051282051282,40.3846153846154,6.41025641025641,46.7948717948718,3.2051282051282,17.9487179487179,24.3589743589744,1.28205128205128
"E00033342",158,21,35,86,16,80,8,6,56,10,78,13,29,30,6,13.2911392405063,22.1518987341772,54.4303797468354,10.126582278481,50.6329113924051,5.06329113924051,3.79746835443038,35.4430379746835,6.32911392405063,49.3670886075949,8.22784810126582,18.3544303797468,18.9873417721519,3.79746835443038
"E00033343",155,17,36,87,15,82,5,14,50,13,73,12,22,37,2,10.9677419354839,23.2258064516129,56.1290322580645,9.67741935483871,52.9032258064516,3.2258064516129,9.03225806451613,32.258064516129,8.38709677419355,47.0967741935484,7.74193548387097,14.1935483870968,23.8709677419355,1.29032258064516
"E00033344",161,10,32,106,13,74,0,8,58,8,87,10,24,48,5,6.2111801242236,19.8757763975155,65.8385093167702,8.07453416149068,45.9627329192547,0,4.96894409937888,36.0248447204969,4.96894409937888,54.0372670807453,6.2111801242236,14.9068322981366,29.8136645962733,3.1055900621118
"E00033345",198,26,44,111,17,103,9,12,71,11,95,17,32,40,6,13.1313131313131,22.2222222222222,56.0606060606061,8.58585858585858,52.020202020202,4.54545454545455,6.06060606060606,35.8585858585859,5.55555555555556,47.979797979798,8.58585858585858,16.1616161616162,20.2020202020202,3.03030303030303
"E00033346",136,23,26,71,16,69,11,5,45,8,67,12,21,26,8,16.9117647058824,19.1176470588235,52.2058823529412,11.7647058823529,50.7352941176471,8.08823529411765,3.67647058823529,33.0882352941176,5.88235294117647,49.2647058823529,8.82352941176471,15.4411764705882,19.1176470588235,5.88235294117647
"E00033347",162,10,37,105,10,75,2,8,58,7,87,8,29,47,3,6.17283950617284,22.8395061728395,64.8148148148148,6.17283950617284,46.2962962962963,1.23456790123457,4.93827160493827,35.8024691358025,4.32098765432099,53.7037037037037,4.93827160493827,17.9012345679012,29.0123456790123,1.85185185185185
"E00033348",135,20,36,59,20,73,10,11,37,15,62,10,25,22,5,14.8148148148148,26.6666666666667,43.7037037037037,14.8148148148148,54.0740740740741,7.40740740740741,8.14814814814815,27.4074074074074,11.1111111111111,45.9259259259259,7.40740740740741,18.5185185185185,16.2962962962963,3.7037037037037
"E00033349",118,6,21,82,9,71,1,7,55,8,47,5,14,27,1,5.08474576271187,17.7966101694915,69.4915254237288,7.6271186440678,60.1694915254237,0.847457627118644,5.93220338983051,46.6101694915254,6.77966101694915,39.8305084745763,4.23728813559322,11.864406779661,22.8813559322034,0.847457627118644
"E00033350",148,17,32,92,7,76,6,7,57,6,72,11,25,35,1,11.4864864864865,21.6216216216216,62.1621621621622,4.72972972972973,51.3513513513513,4.05405405405405,4.72972972972973,38.5135135135135,4.05405405405405,48.6486486486487,7.43243243243243,16.8918918918919,23.6486486486486,0.675675675675676
"E00033351",106,9,25,64,8,43,2,7,27,7,63,7,18,37,1,8.49056603773585,23.5849056603774,60.377358490566,7.54716981132075,40.5660377358491,1.88679245283019,6.60377358490566,25.4716981132075,6.60377358490566,59.4339622641509,6.60377358490566,16.9811320754717,34.9056603773585,0.943396226415094
"E00033352",129,12,24,87,6,62,3,8,47,4,67,9,16,40,2,9.30232558139535,18.6046511627907,67.4418604651163,4.65116279069767,48.062015503876,2.32558139534884,6.2015503875969,36.4341085271318,3.10077519379845,51.937984496124,6.97674418604651,12.4031007751938,31.0077519379845,1.55038759689922
"E00033353",130,9,35,74,12,66,1,10,44,11,64,8,25,30,1,6.92307692307692,26.9230769230769,56.9230769230769,9.23076923076923,50.7692307692308,0.769230769230769,7.69230769230769,33.8461538461538,8.46153846153846,49.2307692307692,6.15384615384615,19.2307692307692,23.0769230769231,0.769230769230769
"E00033354",73,7,17,47,2,40,2,6,31,1,33,5,11,16,1,9.58904109589041,23.2876712328767,64.3835616438356,2.73972602739726,54.7945205479452,2.73972602739726,8.21917808219178,42.4657534246575,1.36986301369863,45.2054794520548,6.84931506849315,15.0684931506849,21.9178082191781,1.36986301369863
"E00033355",154,6,35,94,19,76,2,5,55,14,78,4,30,39,5,3.8961038961039,22.7272727272727,61.038961038961,12.3376623376623,49.3506493506493,1.2987012987013,3.24675324675325,35.7142857142857,9.09090909090909,50.6493506493506,2.5974025974026,19.4805194805195,25.3246753246753,3.24675324675325
"E00033356",158,12,37,96,13,78,3,5,59,11,80,9,32,37,2,7.59493670886076,23.4177215189873,60.7594936708861,8.22784810126582,49.3670886075949,1.89873417721519,3.16455696202532,37.3417721518987,6.9620253164557,50.6329113924051,5.69620253164557,20.253164556962,23.4177215189873,1.26582278481013
"E00033357",105,11,26,61,7,46,2,6,32,6,59,9,20,29,1,10.4761904761905,24.7619047619048,58.0952380952381,6.66666666666667,43.8095238095238,1.9047619047619,5.71428571428571,30.4761904761905,5.71428571428571,56.1904761904762,8.57142857142857,19.047619047619,27.6190476190476,0.952380952380952
"E00033358",84,4,22,54,4,44,1,7,33,3,40,3,15,21,1,4.76190476190476,26.1904761904762,64.2857142857143,4.76190476190476,52.3809523809524,1.19047619047619,8.33333333333333,39.2857142857143,3.57142857142857,47.6190476190476,3.57142857142857,17.8571428571429,25,1.19047619047619
"E00033359",155,18,32,94,11,81,10,7,58,6,74,8,25,36,5,11.6129032258065,20.6451612903226,60.6451612903226,7.09677419354839,52.258064516129,6.45161290322581,4.51612903225806,37.4193548387097,3.87096774193548,47.741935483871,5.16129032258065,16.1290322580645,23.2258064516129,3.2258064516129
"E00033360",151,14,34,87,16,70,7,8,44,11,81,7,26,43,5,9.27152317880795,22.5165562913907,57.6158940397351,10.5960264900662,46.3576158940397,4.63576158940397,5.29801324503311,29.1390728476821,7.28476821192053,53.6423841059603,4.63576158940397,17.2185430463576,28.476821192053,3.3112582781457
"E00033361",236,14,53,155,14,120,4,12,96,8,116,10,41,59,6,5.93220338983051,22.4576271186441,65.6779661016949,5.93220338983051,50.8474576271186,1.69491525423729,5.08474576271187,40.6779661016949,3.38983050847458,49.1525423728814,4.23728813559322,17.3728813559322,25,2.54237288135593
"E00033362",148,13,23,103,9,74,4,3,59,8,74,9,20,44,1,8.78378378378378,15.5405405405405,69.5945945945946,6.08108108108108,50,2.7027027027027,2.02702702702703,39.8648648648649,5.40540540540541,50,6.08108108108108,13.5135135135135,29.7297297297297,0.675675675675676
"E00033363",115,7,20,70,18,54,2,3,37,12,61,5,17,33,6,6.08695652173913,17.3913043478261,60.8695652173913,15.6521739130435,46.9565217391304,1.73913043478261,2.60869565217391,32.1739130434783,10.4347826086957,53.0434782608696,4.34782608695652,14.7826086956522,28.695652173913,5.21739130434783
"E00033364",185,12,40,109,24,104,5,13,67,19,81,7,27,42,5,6.48648648648649,21.6216216216216,58.9189189189189,12.972972972973,56.2162162162162,2.7027027027027,7.02702702702703,36.2162162162162,10.2702702702703,43.7837837837838,3.78378378378378,14.5945945945946,22.7027027027027,2.7027027027027
"E00033365",246,26,53,135,32,117,11,11,76,19,129,15,42,59,13,10.5691056910569,21.5447154471545,54.8780487804878,13.0081300813008,47.5609756097561,4.47154471544715,4.47154471544715,30.8943089430894,7.72357723577236,52.4390243902439,6.09756097560976,17.0731707317073,23.9837398373984,5.28455284552846
"E00033366",165,13,34,104,14,75,3,8,52,12,90,10,26,52,2,7.87878787878788,20.6060606060606,63.030303030303,8.48484848484849,45.4545454545455,1.81818181818182,4.84848484848485,31.5151515151515,7.27272727272727,54.5454545454545,6.06060606060606,15.7575757575758,31.5151515151515,1.21212121212121
"E00033367",172,12,36,104,20,94,7,12,57,18,78,5,24,47,2,6.97674418604651,20.9302325581395,60.4651162790698,11.6279069767442,54.6511627906977,4.06976744186047,6.97674418604651,33.1395348837209,10.4651162790698,45.3488372093023,2.90697674418605,13.953488372093,27.3255813953488,1.16279069767442
"E00033368",143,11,25,98,9,78,5,6,59,8,65,6,19,39,1,7.69230769230769,17.4825174825175,68.5314685314685,6.29370629370629,54.5454545454545,3.4965034965035,4.1958041958042,41.2587412587413,5.59440559440559,45.4545454545455,4.1958041958042,13.2867132867133,27.2727272727273,0.699300699300699
"E00033369",205,15,32,131,27,104,3,3,81,17,101,12,29,50,10,7.31707317073171,15.609756097561,63.9024390243902,13.1707317073171,50.7317073170732,1.46341463414634,1.46341463414634,39.5121951219512,8.29268292682927,49.2682926829268,5.85365853658537,14.1463414634146,24.390243902439,4.8780487804878
"E00033370",124,4,24,87,9,55,0,5,46,4,69,4,19,41,5,3.2258064516129,19.3548387096774,70.1612903225807,7.25806451612903,44.3548387096774,0,4.03225806451613,37.0967741935484,3.2258064516129,55.6451612903226,3.2258064516129,15.3225806451613,33.0645161290323,4.03225806451613
"E00033371",160,15,31,94,20,74,5,8,49,12,86,10,23,45,8,9.375,19.375,58.75,12.5,46.25,3.125,5,30.625,7.5,53.75,6.25,14.375,28.125,5
"E00033372",149,11,31,96,11,76,3,8,57,8,73,8,23,39,3,7.38255033557047,20.8053691275168,64.4295302013423,7.38255033557047,51.006711409396,2.01342281879195,5.36912751677852,38.255033557047,5.36912751677852,48.993288590604,5.36912751677852,15.4362416107383,26.1744966442953,2.01342281879195
"E00033373",237,24,46,143,24,132,13,16,86,17,105,11,30,57,7,10.126582278481,19.4092827004219,60.337552742616,10.126582278481,55.6962025316456,5.48523206751055,6.75105485232067,36.2869198312236,7.17299578059072,44.3037974683544,4.64135021097046,12.6582278481013,24.0506329113924,2.9535864978903
"E00033374",148,8,34,91,15,75,4,11,48,12,73,4,23,43,3,5.40540540540541,22.972972972973,61.4864864864865,10.1351351351351,50.6756756756757,2.7027027027027,7.43243243243243,32.4324324324324,8.10810810810811,49.3243243243243,2.7027027027027,15.5405405405405,29.0540540540541,2.02702702702703
"E00033375",149,17,18,75,39,95,10,6,45,34,54,7,12,30,5,11.4093959731544,12.0805369127517,50.3355704697987,26.1744966442953,63.758389261745,6.71140939597315,4.02684563758389,30.2013422818792,22.8187919463087,36.241610738255,4.69798657718121,8.05369127516778,20.1342281879195,3.35570469798658
"E00033376",125,14,24,67,20,60,6,6,39,9,65,8,18,28,11,11.2,19.2,53.6,16,48,4.8,4.8,31.2,7.2,52,6.4,14.4,22.4,8.8
"E00033377",169,12,32,104,21,84,6,8,54,16,85,6,24,50,5,7.10059171597633,18.9349112426036,61.5384615384615,12.4260355029586,49.7041420118343,3.55029585798817,4.73372781065089,31.9526627218935,9.46745562130178,50.2958579881657,3.55029585798817,14.2011834319527,29.585798816568,2.9585798816568
"E00033378",172,11,37,107,17,86,6,7,60,13,86,5,30,47,4,6.3953488372093,21.5116279069767,62.2093023255814,9.88372093023256,50,3.48837209302326,4.06976744186047,34.8837209302326,7.55813953488372,50,2.90697674418605,17.4418604651163,27.3255813953488,2.32558139534884
"E00033379",145,5,30,99,11,63,2,8,48,5,82,3,22,51,6,3.44827586206897,20.6896551724138,68.2758620689655,7.58620689655172,43.448275862069,1.37931034482759,5.51724137931035,33.1034482758621,3.44827586206897,56.551724137931,2.06896551724138,15.1724137931034,35.1724137931034,4.13793103448276
"E00033380",139,15,27,87,10,68,6,7,49,6,71,9,20,38,4,10.7913669064748,19.4244604316547,62.589928057554,7.19424460431655,48.9208633093525,4.31654676258993,5.03597122302158,35.2517985611511,4.31654676258993,51.0791366906475,6.47482014388489,14.3884892086331,27.3381294964029,2.87769784172662
"E00033381",72,5,15,40,12,35,2,5,21,7,37,3,10,19,5,6.94444444444444,20.8333333333333,55.5555555555556,16.6666666666667,48.6111111111111,2.77777777777778,6.94444444444444,29.1666666666667,9.72222222222222,51.3888888888889,4.16666666666667,13.8888888888889,26.3888888888889,6.94444444444444
"E00033382",183,18,42,108,15,99,8,14,67,10,84,10,28,41,5,9.83606557377049,22.9508196721311,59.0163934426229,8.19672131147541,54.0983606557377,4.37158469945355,7.65027322404372,36.6120218579235,5.46448087431694,45.9016393442623,5.46448087431694,15.3005464480874,22.4043715846995,2.73224043715847
"E00033383",136,12,16,91,17,69,3,2,55,9,67,9,14,36,8,8.82352941176471,11.7647058823529,66.9117647058823,12.5,50.7352941176471,2.20588235294118,1.47058823529412,40.4411764705882,6.61764705882353,49.2647058823529,6.61764705882353,10.2941176470588,26.4705882352941,5.88235294117647
"E00033384",166,10,37,114,5,82,3,14,60,5,84,7,23,54,0,6.02409638554217,22.289156626506,68.6746987951807,3.01204819277108,49.3975903614458,1.80722891566265,8.43373493975904,36.144578313253,3.01204819277108,50.6024096385542,4.21686746987952,13.855421686747,32.5301204819277,0
"E00033385",187,13,27,125,22,99,5,6,74,14,88,8,21,51,8,6.95187165775401,14.4385026737968,66.8449197860963,11.7647058823529,52.9411764705882,2.67379679144385,3.20855614973262,39.572192513369,7.48663101604278,47.0588235294118,4.27807486631016,11.2299465240642,27.2727272727273,4.27807486631016
"E00033386",201,16,34,128,23,106,5,7,77,17,95,11,27,51,6,7.96019900497512,16.9154228855721,63.681592039801,11.4427860696517,52.7363184079602,2.48756218905473,3.48258706467662,38.3084577114428,8.45771144278607,47.2636815920398,5.4726368159204,13.4328358208955,25.3731343283582,2.98507462686567
"E00033387",118,11,16,76,15,71,7,10,45,9,47,4,6,31,6,9.32203389830508,13.5593220338983,64.4067796610169,12.7118644067797,60.1694915254237,5.93220338983051,8.47457627118644,38.135593220339,7.6271186440678,39.8305084745763,3.38983050847458,5.08474576271187,26.271186440678,5.08474576271187
"E00033388",100,6,15,62,17,50,0,5,37,8,50,6,10,25,9,6,15,62,17,50,0,5,37,8,50,6,10,25,9
"E00033389",161,10,34,106,11,77,4,3,61,9,84,6,31,45,2,6.2111801242236,21.1180124223602,65.8385093167702,6.83229813664596,47.8260869565217,2.48447204968944,1.86335403726708,37.888198757764,5.59006211180124,52.1739130434783,3.72670807453416,19.2546583850932,27.9503105590062,1.24223602484472
"E00033391",150,9,42,83,16,78,3,15,48,12,72,6,27,35,4,6,28,55.3333333333333,10.6666666666667,52,2,10,32,8,48,4,18,23.3333333333333,2.66666666666667
"E00033392",154,17,35,82,20,82,6,11,51,14,72,11,24,31,6,11.038961038961,22.7272727272727,53.2467532467532,12.987012987013,53.2467532467532,3.8961038961039,7.14285714285714,33.1168831168831,9.09090909090909,46.7532467532467,7.14285714285714,15.5844155844156,20.1298701298701,3.8961038961039
"E00033394",164,12,37,100,15,90,7,17,56,10,74,5,20,44,5,7.31707317073171,22.5609756097561,60.9756097560976,9.14634146341463,54.8780487804878,4.26829268292683,10.3658536585366,34.1463414634146,6.09756097560976,45.1219512195122,3.04878048780488,12.1951219512195,26.8292682926829,3.04878048780488
"E00033395",181,7,32,118,24,98,2,16,62,18,83,5,16,56,6,3.86740331491713,17.6795580110497,65.1933701657459,13.2596685082873,54.1436464088398,1.10497237569061,8.83977900552486,34.2541436464088,9.94475138121547,45.8563535911602,2.76243093922652,8.83977900552486,30.939226519337,3.31491712707182
"E00033396",136,22,26,78,10,70,5,7,50,8,66,17,19,28,2,16.1764705882353,19.1176470588235,57.3529411764706,7.35294117647059,51.4705882352941,3.67647058823529,5.14705882352941,36.7647058823529,5.88235294117647,48.5294117647059,12.5,13.9705882352941,20.5882352941176,1.47058823529412
"E00033397",183,19,47,106,11,89,7,7,67,8,94,12,40,39,3,10.3825136612022,25.6830601092896,57.9234972677596,6.01092896174863,48.6338797814208,3.82513661202186,3.82513661202186,36.6120218579235,4.37158469945355,51.3661202185792,6.55737704918033,21.8579234972678,21.3114754098361,1.63934426229508
"E00033399",174,12,45,105,12,78,4,9,59,6,96,8,36,46,6,6.89655172413793,25.8620689655172,60.3448275862069,6.89655172413793,44.8275862068966,2.29885057471264,5.17241379310345,33.9080459770115,3.44827586206897,55.1724137931034,4.59770114942529,20.6896551724138,26.4367816091954,3.44827586206897
"E00033400",152,16,33,92,11,76,5,8,55,8,76,11,25,37,3,10.5263157894737,21.7105263157895,60.5263157894737,7.23684210526316,50,3.28947368421053,5.26315789473684,36.1842105263158,5.26315789473684,50,7.23684210526316,16.4473684210526,24.3421052631579,1.97368421052632
"E00033401",144,6,32,90,16,72,1,8,53,10,72,5,24,37,6,4.16666666666667,22.2222222222222,62.5,11.1111111111111,50,0.694444444444444,5.55555555555556,36.8055555555556,6.94444444444444,50,3.47222222222222,16.6666666666667,25.6944444444444,4.16666666666667
"E00033402",178,15,43,106,14,92,2,20,65,5,86,13,23,41,9,8.42696629213483,24.1573033707865,59.5505617977528,7.86516853932584,51.685393258427,1.12359550561798,11.2359550561798,36.5168539325843,2.80898876404494,48.314606741573,7.30337078651685,12.9213483146067,23.0337078651685,5.0561797752809
"E00033403",168,14,33,105,16,85,6,12,57,10,83,8,21,48,6,8.33333333333333,19.6428571428571,62.5,9.52380952380952,50.5952380952381,3.57142857142857,7.14285714285714,33.9285714285714,5.95238095238095,49.4047619047619,4.76190476190476,12.5,28.5714285714286,3.57142857142857
"E00033404",181,15,20,119,27,112,6,10,78,18,69,9,10,41,9,8.28729281767956,11.0497237569061,65.7458563535912,14.9171270718232,61.878453038674,3.31491712707182,5.52486187845304,43.0939226519337,9.94475138121547,38.121546961326,4.97237569060773,5.52486187845304,22.6519337016575,4.97237569060773
"E00033405",151,7,28,95,21,77,4,5,54,14,74,3,23,41,7,4.63576158940397,18.5430463576159,62.9139072847682,13.9072847682119,50.9933774834437,2.64900662251656,3.3112582781457,35.7615894039735,9.27152317880795,49.0066225165563,1.98675496688742,15.2317880794702,27.1523178807947,4.63576158940397
"E00033406",162,15,34,91,22,86,6,8,54,18,76,9,26,37,4,9.25925925925926,20.9876543209877,56.1728395061728,13.5802469135802,53.0864197530864,3.7037037037037,4.93827160493827,33.3333333333333,11.1111111111111,46.9135802469136,5.55555555555556,16.0493827160494,22.8395061728395,2.46913580246914
"E00033407",186,23,17,131,15,113,12,7,83,11,73,11,10,48,4,12.3655913978495,9.13978494623656,70.4301075268817,8.06451612903226,60.752688172043,6.45161290322581,3.76344086021505,44.6236559139785,5.91397849462366,39.247311827957,5.91397849462366,5.37634408602151,25.8064516129032,2.1505376344086
"E00033408",170,34,31,93,12,99,17,13,61,8,71,17,18,32,4,20,18.2352941176471,54.7058823529412,7.05882352941176,58.2352941176471,10,7.64705882352941,35.8823529411765,4.70588235294118,41.7647058823529,10,10.5882352941176,18.8235294117647,2.35294117647059
"E00033409",105,17,13,60,15,48,5,3,33,7,57,12,10,27,8,16.1904761904762,12.3809523809524,57.1428571428571,14.2857142857143,45.7142857142857,4.76190476190476,2.85714285714286,31.4285714285714,6.66666666666667,54.2857142857143,11.4285714285714,9.52380952380952,25.7142857142857,7.61904761904762
"E00033410",163,12,29,106,16,83,3,8,57,15,80,9,21,49,1,7.36196319018405,17.7914110429448,65.0306748466258,9.8159509202454,50.920245398773,1.84049079754601,4.9079754601227,34.9693251533742,9.20245398773006,49.079754601227,5.52147239263804,12.8834355828221,30.0613496932515,0.613496932515337
"E00033411",169,24,37,86,22,92,9,11,53,19,77,15,26,33,3,14.2011834319527,21.8934911242604,50.887573964497,13.0177514792899,54.4378698224852,5.32544378698225,6.50887573964497,31.3609467455621,11.2426035502959,45.5621301775148,8.87573964497041,15.3846153846154,19.5266272189349,1.77514792899408
"E00033412",198,22,46,117,13,111,9,17,72,13,87,13,29,45,0,11.1111111111111,23.2323232323232,59.0909090909091,6.56565656565657,56.0606060606061,4.54545454545455,8.58585858585858,36.3636363636364,6.56565656565657,43.9393939393939,6.56565656565657,14.6464646464646,22.7272727272727,0
"E00033413",122,16,25,67,14,59,8,8,36,7,63,8,17,31,7,13.1147540983607,20.4918032786885,54.9180327868852,11.4754098360656,48.3606557377049,6.55737704918033,6.55737704918033,29.5081967213115,5.73770491803279,51.6393442622951,6.55737704918033,13.9344262295082,25.4098360655738,5.73770491803279
"E00033414",184,14,41,107,22,89,5,13,60,11,95,9,28,47,11,7.60869565217391,22.2826086956522,58.1521739130435,11.9565217391304,48.3695652173913,2.71739130434783,7.06521739130435,32.6086956521739,5.97826086956522,51.6304347826087,4.89130434782609,15.2173913043478,25.5434782608696,5.97826086956522
"E00033415",140,14,20,81,25,82,4,13,49,16,58,10,7,32,9,10,14.2857142857143,57.8571428571429,17.8571428571429,58.5714285714286,2.85714285714286,9.28571428571429,35,11.4285714285714,41.4285714285714,7.14285714285714,5,22.8571428571429,6.42857142857143
"E00033416",209,21,27,134,27,105,13,11,65,16,104,8,16,69,11,10.0478468899522,12.9186602870813,64.1148325358852,12.9186602870813,50.2392344497608,6.2200956937799,5.26315789473684,31.1004784688995,7.6555023923445,49.7607655502392,3.82775119617225,7.6555023923445,33.0143540669856,5.26315789473684
"E00033417",195,22,41,115,17,87,11,12,56,8,108,11,29,59,9,11.2820512820513,21.025641025641,58.974358974359,8.71794871794872,44.6153846153846,5.64102564102564,6.15384615384615,28.7179487179487,4.1025641025641,55.3846153846154,5.64102564102564,14.8717948717949,30.2564102564103,4.61538461538462
"E00033418",212,28,41,103,40,116,10,14,63,29,96,18,27,40,11,13.2075471698113,19.3396226415094,48.5849056603774,18.8679245283019,54.7169811320755,4.71698113207547,6.60377358490566,29.7169811320755,13.6792452830189,45.2830188679245,8.49056603773585,12.7358490566038,18.8679245283019,5.18867924528302
"E00033419",158,13,36,75,34,80,3,11,42,24,78,10,25,33,10,8.22784810126582,22.7848101265823,47.4683544303797,21.5189873417722,50.6329113924051,1.89873417721519,6.9620253164557,26.5822784810127,15.1898734177215,49.3670886075949,6.32911392405063,15.8227848101266,20.8860759493671,6.32911392405063
"E00033420",204,25,35,118,26,102,10,10,65,17,102,15,25,53,9,12.2549019607843,17.156862745098,57.843137254902,12.7450980392157,50,4.90196078431373,4.90196078431373,31.8627450980392,8.33333333333333,50,7.35294117647059,12.2549019607843,25.9803921568627,4.41176470588235
"E00033421",150,21,27,87,15,69,6,7,47,9,81,15,20,40,6,14,18,58,10,46,4,4.66666666666667,31.3333333333333,6,54,10,13.3333333333333,26.6666666666667,4
"E00033422",228,23,41,142,22,117,7,9,82,19,111,16,32,60,3,10.0877192982456,17.9824561403509,62.280701754386,9.64912280701754,51.3157894736842,3.07017543859649,3.94736842105263,35.9649122807018,8.33333333333333,48.6842105263158,7.01754385964912,14.0350877192982,26.3157894736842,1.31578947368421
"E00033423",191,20,27,119,25,101,9,11,64,17,90,11,16,55,8,10.4712041884817,14.1361256544503,62.303664921466,13.0890052356021,52.8795811518325,4.71204188481675,5.75916230366492,33.5078534031414,8.90052356020942,47.1204188481675,5.75916230366492,8.37696335078534,28.7958115183246,4.18848167539267
"E00033424",186,25,27,105,29,84,8,6,51,19,102,17,21,54,10,13.4408602150538,14.5161290322581,56.4516129032258,15.5913978494624,45.1612903225806,4.3010752688172,3.2258064516129,27.4193548387097,10.2150537634409,54.8387096774194,9.13978494623656,11.2903225806452,29.0322580645161,5.37634408602151
"E00033425",156,10,19,109,18,77,4,2,58,13,79,6,17,51,5,6.41025641025641,12.1794871794872,69.8717948717949,11.5384615384615,49.3589743589744,2.56410256410256,1.28205128205128,37.1794871794872,8.33333333333333,50.6410256410256,3.84615384615385,10.8974358974359,32.6923076923077,3.2051282051282
"E00033426",169,13,27,106,23,84,2,13,56,13,85,11,14,50,10,7.69230769230769,15.9763313609467,62.7218934911243,13.6094674556213,49.7041420118343,1.18343195266272,7.69230769230769,33.1360946745562,7.69230769230769,50.2958579881657,6.50887573964497,8.28402366863905,29.585798816568,5.91715976331361
"E00033427",104,5,23,66,10,49,1,10,30,8,55,4,13,36,2,4.80769230769231,22.1153846153846,63.4615384615385,9.61538461538462,47.1153846153846,0.961538461538462,9.61538461538462,28.8461538461538,7.69230769230769,52.8846153846154,3.84615384615385,12.5,34.6153846153846,1.92307692307692
"E00033428",132,12,27,80,13,70,7,8,48,7,62,5,19,32,6,9.09090909090909,20.4545454545455,60.6060606060606,9.84848484848485,53.030303030303,5.3030303030303,6.06060606060606,36.3636363636364,5.3030303030303,46.969696969697,3.78787878787879,14.3939393939394,24.2424242424242,4.54545454545455
"E00033432",108,12,24,68,4,53,5,9,35,4,55,7,15,33,0,11.1111111111111,22.2222222222222,62.962962962963,3.7037037037037,49.0740740740741,4.62962962962963,8.33333333333333,32.4074074074074,3.7037037037037,50.9259259259259,6.48148148148148,13.8888888888889,30.5555555555556,0
"E00033435",131,9,36,76,10,61,1,11,40,9,70,8,25,36,1,6.87022900763359,27.4809160305344,58.0152671755725,7.63358778625954,46.5648854961832,0.763358778625954,8.3969465648855,30.5343511450382,6.87022900763359,53.4351145038168,6.10687022900763,19.0839694656489,27.4809160305344,0.763358778625954
"E00033436",107,12,24,66,5,49,3,4,38,4,58,9,20,28,1,11.214953271028,22.4299065420561,61.6822429906542,4.67289719626168,45.7943925233645,2.80373831775701,3.73831775700935,35.5140186915888,3.73831775700935,54.2056074766355,8.41121495327103,18.6915887850467,26.1682242990654,0.934579439252336
"E00033437",103,12,25,62,4,58,7,8,41,2,45,5,17,21,2,11.6504854368932,24.2718446601942,60.1941747572816,3.88349514563107,56.3106796116505,6.79611650485437,7.76699029126214,39.8058252427184,1.94174757281553,43.6893203883495,4.85436893203883,16.504854368932,20.3883495145631,1.94174757281553
"E00033438",133,8,38,78,9,64,2,8,46,8,69,6,30,32,1,6.01503759398496,28.5714285714286,58.6466165413534,6.76691729323308,48.1203007518797,1.50375939849624,6.01503759398496,34.5864661654135,6.01503759398496,51.8796992481203,4.51127819548872,22.5563909774436,24.0601503759398,0.75187969924812
"E00033439",147,14,32,86,15,73,8,8,46,11,74,6,24,40,4,9.52380952380952,21.7687074829932,58.5034013605442,10.2040816326531,49.6598639455782,5.4421768707483,5.4421768707483,31.2925170068027,7.48299319727891,50.3401360544218,4.08163265306122,16.3265306122449,27.2108843537415,2.72108843537415
"E00033440",80,4,23,47,6,32,1,2,25,4,48,3,21,22,2,5,28.75,58.75,7.5,40,1.25,2.5,31.25,5,60,3.75,26.25,27.5,2.5
"E00033441",87,7,23,51,6,34,1,5,24,4,53,6,18,27,2,8.04597701149425,26.4367816091954,58.6206896551724,6.89655172413793,39.0804597701149,1.14942528735632,5.74712643678161,27.5862068965517,4.59770114942529,60.9195402298851,6.89655172413793,20.6896551724138,31.0344827586207,2.29885057471264
"E00033442",128,8,35,79,6,54,3,7,39,5,74,5,28,40,1,6.25,27.34375,61.71875,4.6875,42.1875,2.34375,5.46875,30.46875,3.90625,57.8125,3.90625,21.875,31.25,0.78125
"E00033443",62,10,14,32,6,31,3,3,20,5,31,7,11,12,1,16.1290322580645,22.5806451612903,51.6129032258064,9.67741935483871,50,4.83870967741935,4.83870967741935,32.258064516129,8.06451612903226,50,11.2903225806452,17.741935483871,19.3548387096774,1.61290322580645
"E00033444",85,5,22,48,10,40,1,4,26,9,45,4,18,22,1,5.88235294117647,25.8823529411765,56.4705882352941,11.7647058823529,47.0588235294118,1.17647058823529,4.70588235294118,30.5882352941176,10.5882352941176,52.9411764705882,4.70588235294118,21.1764705882353,25.8823529411765,1.17647058823529
"E00033445",119,12,29,69,9,57,4,8,36,9,62,8,21,33,0,10.0840336134454,24.3697478991597,57.9831932773109,7.56302521008403,47.8991596638655,3.36134453781513,6.72268907563025,30.2521008403361,7.56302521008403,52.1008403361345,6.72268907563025,17.6470588235294,27.7310924369748,0
"E00033446",117,8,34,71,4,52,3,11,34,4,65,5,23,37,0,6.83760683760684,29.0598290598291,60.6837606837607,3.41880341880342,44.4444444444444,2.56410256410256,9.4017094017094,29.0598290598291,3.41880341880342,55.5555555555556,4.27350427350427,19.6581196581197,31.6239316239316,0
"E00033447",42,6,13,21,2,20,1,3,14,2,22,5,10,7,0,14.2857142857143,30.952380952381,50,4.76190476190476,47.6190476190476,2.38095238095238,7.14285714285714,33.3333333333333,4.76190476190476,52.3809523809524,11.9047619047619,23.8095238095238,16.6666666666667,0
"E00033448",127,9,29,84,5,66,4,6,52,4,61,5,23,32,1,7.08661417322835,22.8346456692913,66.1417322834646,3.93700787401575,51.9685039370079,3.1496062992126,4.7244094488189,40.9448818897638,3.1496062992126,48.0314960629921,3.93700787401575,18.1102362204724,25.1968503937008,0.78740157480315
"E00033449",117,5,23,79,10,65,1,8,48,8,52,4,15,31,2,4.27350427350427,19.6581196581197,67.5213675213675,8.54700854700855,55.5555555555556,0.854700854700855,6.83760683760684,41.025641025641,6.83760683760684,44.4444444444444,3.41880341880342,12.8205128205128,26.4957264957265,1.70940170940171
"E00033450",148,10,32,102,4,65,2,7,52,4,83,8,25,50,0,6.75675675675676,21.6216216216216,68.9189189189189,2.7027027027027,43.9189189189189,1.35135135135135,4.72972972972973,35.1351351351351,2.7027027027027,56.0810810810811,5.40540540540541,16.8918918918919,33.7837837837838,0
"E00033451",88,6,23,54,5,40,2,5,28,5,48,4,18,26,0,6.81818181818182,26.1363636363636,61.3636363636364,5.68181818181818,45.4545454545455,2.27272727272727,5.68181818181818,31.8181818181818,5.68181818181818,54.5454545454545,4.54545454545455,20.4545454545455,29.5454545454545,0
"E00033452",98,9,19,63,7,49,3,6,33,7,49,6,13,30,0,9.18367346938776,19.3877551020408,64.2857142857143,7.14285714285714,50,3.06122448979592,6.12244897959184,33.6734693877551,7.14285714285714,50,6.12244897959184,13.265306122449,30.6122448979592,0
"E00033453",77,3,15,54,5,41,1,0,36,4,36,2,15,18,1,3.8961038961039,19.4805194805195,70.1298701298701,6.49350649350649,53.2467532467532,1.2987012987013,0,46.7532467532467,5.19480519480519,46.7532467532467,2.5974025974026,19.4805194805195,23.3766233766234,1.2987012987013
"E00033454",231,12,65,132,22,111,4,9,82,16,120,8,56,50,6,5.19480519480519,28.1385281385281,57.1428571428571,9.52380952380952,48.0519480519481,1.73160173160173,3.8961038961039,35.4978354978355,6.92640692640693,51.9480519480519,3.46320346320346,24.2424242424242,21.6450216450216,2.5974025974026
"E00033455",76,4,23,45,4,42,2,10,26,4,34,2,13,19,0,5.26315789473684,30.2631578947368,59.2105263157895,5.26315789473684,55.2631578947368,2.63157894736842,13.1578947368421,34.2105263157895,5.26315789473684,44.7368421052632,2.63157894736842,17.1052631578947,25,0
"E00033456",150,12,37,91,10,78,3,9,58,8,72,9,28,33,2,8,24.6666666666667,60.6666666666667,6.66666666666667,52,2,6,38.6666666666667,5.33333333333333,48,6,18.6666666666667,22,1.33333333333333
"E00033457",59,6,16,33,4,28,0,4,20,4,31,6,12,13,0,10.1694915254237,27.1186440677966,55.9322033898305,6.77966101694915,47.4576271186441,0,6.77966101694915,33.8983050847458,6.77966101694915,52.5423728813559,10.1694915254237,20.3389830508475,22.0338983050847,0
"E00033458",63,6,17,34,6,28,2,2,19,5,35,4,15,15,1,9.52380952380952,26.984126984127,53.968253968254,9.52380952380952,44.4444444444444,3.17460317460317,3.17460317460317,30.1587301587302,7.93650793650794,55.5555555555556,6.34920634920635,23.8095238095238,23.8095238095238,1.58730158730159
"E00033459",87,4,17,59,7,46,1,4,35,6,41,3,13,24,1,4.59770114942529,19.5402298850575,67.816091954023,8.04597701149425,52.8735632183908,1.14942528735632,4.59770114942529,40.2298850574713,6.89655172413793,47.1264367816092,3.44827586206897,14.9425287356322,27.5862068965517,1.14942528735632
"E00033460",92,6,23,57,6,43,5,6,29,3,49,1,17,28,3,6.52173913043478,25,61.9565217391304,6.52173913043478,46.7391304347826,5.43478260869565,6.52173913043478,31.5217391304348,3.26086956521739,53.2608695652174,1.08695652173913,18.4782608695652,30.4347826086957,3.26086956521739
"E00033462",52,2,16,31,3,17,0,2,13,2,35,2,14,18,1,3.84615384615385,30.7692307692308,59.6153846153846,5.76923076923077,32.6923076923077,0,3.84615384615385,25,3.84615384615385,67.3076923076923,3.84615384615385,26.9230769230769,34.6153846153846,1.92307692307692
"E00033463",75,4,19,48,4,37,2,4,28,3,38,2,15,20,1,5.33333333333333,25.3333333333333,64,5.33333333333333,49.3333333333333,2.66666666666667,5.33333333333333,37.3333333333333,4,50.6666666666667,2.66666666666667,20,26.6666666666667,1.33333333333333
"E00033464",105,7,24,70,4,46,1,7,36,2,59,6,17,34,2,6.66666666666667,22.8571428571429,66.6666666666667,3.80952380952381,43.8095238095238,0.952380952380952,6.66666666666667,34.2857142857143,1.9047619047619,56.1904761904762,5.71428571428571,16.1904761904762,32.3809523809524,1.9047619047619
"E00033466",101,10,27,57,7,51,4,8,32,7,50,6,19,25,0,9.9009900990099,26.7326732673267,56.4356435643564,6.93069306930693,50.4950495049505,3.96039603960396,7.92079207920792,31.6831683168317,6.93069306930693,49.5049504950495,5.94059405940594,18.8118811881188,24.7524752475248,0
"E00033468",126,12,37,73,4,51,4,9,36,2,75,8,28,37,2,9.52380952380952,29.3650793650794,57.9365079365079,3.17460317460317,40.4761904761905,3.17460317460317,7.14285714285714,28.5714285714286,1.58730158730159,59.5238095238095,6.34920634920635,22.2222222222222,29.3650793650794,1.58730158730159
"E00033470",123,11,35,67,10,51,5,2,34,10,72,6,33,33,0,8.94308943089431,28.4552845528455,54.4715447154472,8.13008130081301,41.4634146341463,4.0650406504065,1.6260162601626,27.6422764227642,8.13008130081301,58.5365853658537,4.8780487804878,26.8292682926829,26.8292682926829,0
"E00033471",115,10,42,54,9,60,6,12,34,8,55,4,30,20,1,8.69565217391304,36.5217391304348,46.9565217391304,7.82608695652174,52.1739130434783,5.21739130434783,10.4347826086957,29.5652173913043,6.95652173913043,47.8260869565217,3.47826086956522,26.0869565217391,17.3913043478261,0.869565217391304
"E00033472",80,3,23,48,6,38,0,3,30,5,42,3,20,18,1,3.75,28.75,60,7.5,47.5,0,3.75,37.5,6.25,52.5,3.75,25,22.5,1.25
"E00033473",103,15,25,55,8,48,3,9,28,8,55,12,16,27,0,14.5631067961165,24.2718446601942,53.3980582524272,7.76699029126214,46.6019417475728,2.9126213592233,8.7378640776699,27.1844660194175,7.76699029126214,53.3980582524272,11.6504854368932,15.5339805825243,26.2135922330097,0
"E00033474",82,7,20,50,5,45,1,9,30,5,37,6,11,20,0,8.53658536585366,24.390243902439,60.9756097560976,6.09756097560976,54.8780487804878,1.21951219512195,10.9756097560976,36.5853658536585,6.09756097560976,45.1219512195122,7.31707317073171,13.4146341463415,24.390243902439,0
"E00033475",99,5,26,64,4,56,0,6,47,3,43,5,20,17,1,5.05050505050505,26.2626262626263,64.6464646464647,4.04040404040404,56.5656565656566,0,6.06060606060606,47.4747474747475,3.03030303030303,43.4343434343434,5.05050505050505,20.2020202020202,17.1717171717172,1.01010101010101
"E00033476",101,7,27,58,9,50,0,9,33,8,51,7,18,25,1,6.93069306930693,26.7326732673267,57.4257425742574,8.91089108910891,49.5049504950495,0,8.91089108910891,32.6732673267327,7.92079207920792,50.4950495049505,6.93069306930693,17.8217821782178,24.7524752475248,0.99009900990099
"E00033477",76,11,15,42,8,40,3,4,26,7,36,8,11,16,1,14.4736842105263,19.7368421052632,55.2631578947368,10.5263157894737,52.6315789473684,3.94736842105263,5.26315789473684,34.2105263157895,9.21052631578947,47.3684210526316,10.5263157894737,14.4736842105263,21.0526315789474,1.31578947368421
"E00033478",112,6,30,61,15,61,2,8,37,14,51,4,22,24,1,5.35714285714286,26.7857142857143,54.4642857142857,13.3928571428571,54.4642857142857,1.78571428571429,7.14285714285714,33.0357142857143,12.5,45.5357142857143,3.57142857142857,19.6428571428571,21.4285714285714,0.892857142857143
"E00033479",176,16,38,105,17,84,5,7,59,13,92,11,31,46,4,9.09090909090909,21.5909090909091,59.6590909090909,9.65909090909091,47.7272727272727,2.84090909090909,3.97727272727273,33.5227272727273,7.38636363636364,52.2727272727273,6.25,17.6136363636364,26.1363636363636,2.27272727272727
"E00033480",145,13,26,87,19,77,3,8,51,15,68,10,18,36,4,8.96551724137931,17.9310344827586,60,13.1034482758621,53.1034482758621,2.06896551724138,5.51724137931035,35.1724137931034,10.3448275862069,46.8965517241379,6.89655172413793,12.4137931034483,24.8275862068966,2.75862068965517
"E00033481",145,14,46,74,11,62,4,9,39,10,83,10,37,35,1,9.6551724137931,31.7241379310345,51.0344827586207,7.58620689655172,42.7586206896552,2.75862068965517,6.20689655172414,26.8965517241379,6.89655172413793,57.2413793103448,6.89655172413793,25.5172413793103,24.1379310344828,0.689655172413793
"E00033482",113,14,24,67,8,54,5,8,37,4,59,9,16,30,4,12.3893805309735,21.2389380530973,59.2920353982301,7.07964601769912,47.787610619469,4.42477876106195,7.07964601769912,32.7433628318584,3.53982300884956,52.212389380531,7.9646017699115,14.1592920353982,26.5486725663717,3.53982300884956
"E00033483",142,13,31,89,9,74,5,4,58,7,68,8,27,31,2,9.15492957746479,21.830985915493,62.6760563380282,6.33802816901408,52.112676056338,3.52112676056338,2.8169014084507,40.8450704225352,4.92957746478873,47.887323943662,5.63380281690141,19.0140845070423,21.830985915493,1.40845070422535
"E00033484",134,15,26,84,9,69,4,7,53,5,65,11,19,31,4,11.1940298507463,19.4029850746269,62.6865671641791,6.71641791044776,51.4925373134328,2.98507462686567,5.22388059701492,39.5522388059701,3.73134328358209,48.5074626865672,8.2089552238806,14.1791044776119,23.134328358209,2.98507462686567
"E00033485",118,11,27,66,14,54,5,6,31,12,64,6,21,35,2,9.32203389830508,22.8813559322034,55.9322033898305,11.864406779661,45.7627118644068,4.23728813559322,5.08474576271187,26.271186440678,10.1694915254237,54.2372881355932,5.08474576271187,17.7966101694915,29.6610169491525,1.69491525423729
"E00033486",163,9,45,101,8,71,4,8,52,7,92,5,37,49,1,5.52147239263804,27.6073619631902,61.9631901840491,4.9079754601227,43.558282208589,2.45398773006135,4.9079754601227,31.9018404907975,4.29447852760736,56.441717791411,3.06748466257669,22.6993865030675,30.0613496932515,0.613496932515337
"E00033487",71,3,16,47,5,41,1,9,27,4,30,2,7,20,1,4.22535211267606,22.5352112676056,66.1971830985916,7.04225352112676,57.7464788732394,1.40845070422535,12.6760563380282,38.0281690140845,5.63380281690141,42.2535211267606,2.8169014084507,9.85915492957746,28.169014084507,1.40845070422535
"E00033488",74,6,17,45,6,31,3,1,21,6,43,3,16,24,0,8.10810810810811,22.972972972973,60.8108108108108,8.10810810810811,41.8918918918919,4.05405405405405,1.35135135135135,28.3783783783784,8.10810810810811,58.1081081081081,4.05405405405405,21.6216216216216,32.4324324324324,0
"E00033489",118,13,37,64,4,58,4,11,39,4,60,9,26,25,0,11.0169491525424,31.3559322033898,54.2372881355932,3.38983050847458,49.1525423728814,3.38983050847458,9.32203389830508,33.0508474576271,3.38983050847458,50.8474576271186,7.6271186440678,22.0338983050847,21.1864406779661,0
"E00033490",94,10,22,50,12,48,5,2,29,12,46,5,20,21,0,10.6382978723404,23.4042553191489,53.1914893617021,12.7659574468085,51.063829787234,5.31914893617021,2.12765957446809,30.8510638297872,12.7659574468085,48.936170212766,5.31914893617021,21.2765957446809,22.3404255319149,0
"E00033491",105,9,23,68,5,58,4,5,45,4,47,5,18,23,1,8.57142857142857,21.9047619047619,64.7619047619048,4.76190476190476,55.2380952380952,3.80952380952381,4.76190476190476,42.8571428571429,3.80952380952381,44.7619047619048,4.76190476190476,17.1428571428571,21.9047619047619,0.952380952380952
"E00033492",108,8,30,63,7,52,1,10,39,2,56,7,20,24,5,7.40740740740741,27.7777777777778,58.3333333333333,6.48148148148148,48.1481481481481,0.925925925925926,9.25925925925926,36.1111111111111,1.85185185185185,51.8518518518518,6.48148148148148,18.5185185185185,22.2222222222222,4.62962962962963
"E00033493",144,8,29,97,10,73,3,4,58,8,71,5,25,39,2,5.55555555555556,20.1388888888889,67.3611111111111,6.94444444444444,50.6944444444444,2.08333333333333,2.77777777777778,40.2777777777778,5.55555555555556,49.3055555555556,3.47222222222222,17.3611111111111,27.0833333333333,1.38888888888889
"E00033494",106,8,28,64,6,48,2,6,35,5,58,6,22,29,1,7.54716981132075,26.4150943396226,60.377358490566,5.66037735849057,45.2830188679245,1.88679245283019,5.66037735849057,33.0188679245283,4.71698113207547,54.7169811320755,5.66037735849057,20.7547169811321,27.3584905660377,0.943396226415094
"E00033495",147,13,42,84,8,63,4,10,42,7,84,9,32,42,1,8.84353741496599,28.5714285714286,57.1428571428571,5.4421768707483,42.8571428571429,2.72108843537415,6.80272108843537,28.5714285714286,4.76190476190476,57.1428571428571,6.12244897959184,21.7687074829932,28.5714285714286,0.680272108843537
"E00033496",102,4,27,66,5,47,1,3,41,2,55,3,24,25,3,3.92156862745098,26.4705882352941,64.7058823529412,4.90196078431373,46.078431372549,0.980392156862745,2.94117647058824,40.1960784313725,1.96078431372549,53.921568627451,2.94117647058824,23.5294117647059,24.5098039215686,2.94117647058824
"E00033497",99,9,28,58,4,46,2,7,33,4,53,7,21,25,0,9.09090909090909,28.2828282828283,58.5858585858586,4.04040404040404,46.4646464646465,2.02020202020202,7.07070707070707,33.3333333333333,4.04040404040404,53.5353535353535,7.07070707070707,21.2121212121212,25.2525252525253,0
"E00033498",25,5,6,11,3,20,4,4,9,3,5,1,2,2,0,20,24,44,12,80,16,16,36,12,20,4,8,8,0
"E00033501",35,2,8,24,1,22,1,4,16,1,13,1,4,8,0,5.71428571428571,22.8571428571429,68.5714285714286,2.85714285714286,62.8571428571429,2.85714285714286,11.4285714285714,45.7142857142857,2.85714285714286,37.1428571428571,2.85714285714286,11.4285714285714,22.8571428571429,0
"E00033502",133,12,34,83,4,64,7,8,47,2,69,5,26,36,2,9.02255639097744,25.5639097744361,62.406015037594,3.00751879699248,48.1203007518797,5.26315789473684,6.01503759398496,35.3383458646617,1.50375939849624,51.8796992481203,3.7593984962406,19.5488721804511,27.0676691729323,1.50375939849624
"E00033503",128,9,38,66,15,62,3,5,41,13,66,6,33,25,2,7.03125,29.6875,51.5625,11.71875,48.4375,2.34375,3.90625,32.03125,10.15625,51.5625,4.6875,25.78125,19.53125,1.5625
"E00033504",112,9,27,72,4,51,3,4,40,4,61,6,23,32,0,8.03571428571429,24.1071428571429,64.2857142857143,3.57142857142857,45.5357142857143,2.67857142857143,3.57142857142857,35.7142857142857,3.57142857142857,54.4642857142857,5.35714285714286,20.5357142857143,28.5714285714286,0
"E00033505",104,9,20,66,9,56,6,5,38,7,48,3,15,28,2,8.65384615384615,19.2307692307692,63.4615384615385,8.65384615384615,53.8461538461538,5.76923076923077,4.80769230769231,36.5384615384615,6.73076923076923,46.1538461538462,2.88461538461538,14.4230769230769,26.9230769230769,1.92307692307692
"E00033506",107,9,23,70,5,51,4,1,42,4,56,5,22,28,1,8.41121495327103,21.4953271028037,65.4205607476635,4.67289719626168,47.6635514018692,3.73831775700935,0.934579439252336,39.2523364485981,3.73831775700935,52.3364485981308,4.67289719626168,20.5607476635514,26.1682242990654,0.934579439252336
"E00033507",90,11,18,48,13,50,2,4,32,12,40,9,14,16,1,12.2222222222222,20,53.3333333333333,14.4444444444444,55.5555555555556,2.22222222222222,4.44444444444444,35.5555555555556,13.3333333333333,44.4444444444444,10,15.5555555555556,17.7777777777778,1.11111111111111
"E00033508",73,3,22,44,4,35,0,5,27,3,38,3,17,17,1,4.10958904109589,30.1369863013699,60.2739726027397,5.47945205479452,47.945205479452,0,6.84931506849315,36.986301369863,4.10958904109589,52.0547945205479,4.10958904109589,23.2876712328767,23.2876712328767,1.36986301369863
"E00033509",110,9,25,69,7,54,4,7,38,5,56,5,18,31,2,8.18181818181818,22.7272727272727,62.7272727272727,6.36363636363636,49.0909090909091,3.63636363636364,6.36363636363636,34.5454545454545,4.54545454545455,50.9090909090909,4.54545454545455,16.3636363636364,28.1818181818182,1.81818181818182
"E00033510",118,6,23,80,9,51,1,5,39,6,67,5,18,41,3,5.08474576271187,19.4915254237288,67.7966101694915,7.6271186440678,43.2203389830509,0.847457627118644,4.23728813559322,33.0508474576271,5.08474576271187,56.7796610169492,4.23728813559322,15.2542372881356,34.7457627118644,2.54237288135593
"E00033511",77,3,16,50,8,37,0,4,26,7,40,3,12,24,1,3.8961038961039,20.7792207792208,64.9350649350649,10.3896103896104,48.0519480519481,0,5.19480519480519,33.7662337662338,9.09090909090909,51.9480519480519,3.8961038961039,15.5844155844156,31.1688311688312,1.2987012987013
"E00033512",71,5,23,37,6,43,3,5,29,6,28,2,18,8,0,7.04225352112676,32.3943661971831,52.112676056338,8.45070422535211,60.5633802816901,4.22535211267606,7.04225352112676,40.8450704225352,8.45070422535211,39.4366197183099,2.8169014084507,25.3521126760563,11.2676056338028,0
"E00033513",112,4,30,71,7,57,0,8,42,7,55,4,22,29,0,3.57142857142857,26.7857142857143,63.3928571428571,6.25,50.8928571428571,0,7.14285714285714,37.5,6.25,49.1071428571429,3.57142857142857,19.6428571428571,25.8928571428571,0
"E00033514",98,14,24,54,6,47,5,3,33,6,51,9,21,21,0,14.2857142857143,24.4897959183673,55.1020408163265,6.12244897959184,47.9591836734694,5.10204081632653,3.06122448979592,33.6734693877551,6.12244897959184,52.0408163265306,9.18367346938776,21.4285714285714,21.4285714285714,0
"E00033515",138,18,25,88,7,70,5,3,56,6,68,13,22,32,1,13.0434782608696,18.1159420289855,63.768115942029,5.07246376811594,50.7246376811594,3.6231884057971,2.17391304347826,40.5797101449275,4.34782608695652,49.2753623188406,9.42028985507246,15.9420289855072,23.1884057971014,0.72463768115942
"E00033516",126,9,31,80,6,59,2,8,44,5,67,7,23,36,1,7.14285714285714,24.6031746031746,63.4920634920635,4.76190476190476,46.8253968253968,1.58730158730159,6.34920634920635,34.9206349206349,3.96825396825397,53.1746031746032,5.55555555555556,18.2539682539683,28.5714285714286,0.793650793650794
"E00033517",128,12,31,79,6,69,3,10,51,5,59,9,21,28,1,9.375,24.21875,61.71875,4.6875,53.90625,2.34375,7.8125,39.84375,3.90625,46.09375,7.03125,16.40625,21.875,0.78125
"E00033518",102,10,19,66,7,53,4,5,39,5,49,6,14,27,2,9.80392156862745,18.6274509803922,64.7058823529412,6.86274509803922,51.9607843137255,3.92156862745098,4.90196078431373,38.2352941176471,4.90196078431373,48.0392156862745,5.88235294117647,13.7254901960784,26.4705882352941,1.96078431372549
"E00033519",105,6,31,59,9,49,3,3,37,6,56,3,28,22,3,5.71428571428571,29.5238095238095,56.1904761904762,8.57142857142857,46.6666666666667,2.85714285714286,2.85714285714286,35.2380952380952,5.71428571428571,53.3333333333333,2.85714285714286,26.6666666666667,20.952380952381,2.85714285714286
"E00033520",93,5,25,53,10,39,2,6,25,6,54,3,19,28,4,5.37634408602151,26.8817204301075,56.989247311828,10.752688172043,41.9354838709677,2.1505376344086,6.45161290322581,26.8817204301075,6.45161290322581,58.0645161290323,3.2258064516129,20.4301075268817,30.1075268817204,4.3010752688172
"E00033521",93,5,18,68,2,45,1,4,39,1,48,4,14,29,1,5.37634408602151,19.3548387096774,73.1182795698925,2.1505376344086,48.3870967741936,1.0752688172043,4.3010752688172,41.9354838709677,1.0752688172043,51.6129032258064,4.3010752688172,15.0537634408602,31.1827956989247,1.0752688172043
"E00033522",94,6,26,56,6,53,1,10,38,4,41,5,16,18,2,6.38297872340426,27.6595744680851,59.5744680851064,6.38297872340426,56.3829787234042,1.06382978723404,10.6382978723404,40.4255319148936,4.25531914893617,43.6170212765958,5.31914893617021,17.0212765957447,19.1489361702128,2.12765957446809
"E00033523",144,11,30,98,5,68,3,6,55,4,76,8,24,43,1,7.63888888888889,20.8333333333333,68.0555555555556,3.47222222222222,47.2222222222222,2.08333333333333,4.16666666666667,38.1944444444444,2.77777777777778,52.7777777777778,5.55555555555556,16.6666666666667,29.8611111111111,0.694444444444444
"E00033524",206,11,46,130,19,96,1,10,71,14,110,10,36,59,5,5.33980582524272,22.3300970873786,63.1067961165049,9.22330097087379,46.6019417475728,0.485436893203883,4.85436893203883,34.4660194174757,6.79611650485437,53.3980582524272,4.85436893203883,17.4757281553398,28.6407766990291,2.42718446601942
"E00033525",145,9,26,99,11,81,1,10,61,9,64,8,16,38,2,6.20689655172414,17.9310344827586,68.2758620689655,7.58620689655172,55.8620689655172,0.689655172413793,6.89655172413793,42.0689655172414,6.20689655172414,44.1379310344828,5.51724137931035,11.0344827586207,26.2068965517241,1.37931034482759
"E00033526",150,6,29,107,8,66,1,3,56,6,84,5,26,51,2,4,19.3333333333333,71.3333333333333,5.33333333333333,44,0.666666666666667,2,37.3333333333333,4,56,3.33333333333333,17.3333333333333,34,1.33333333333333
"E00033527",166,12,52,91,11,81,3,12,58,8,85,9,40,33,3,7.2289156626506,31.3253012048193,54.8192771084337,6.62650602409639,48.7951807228916,1.80722891566265,7.2289156626506,34.9397590361446,4.81927710843374,51.2048192771084,5.42168674698795,24.0963855421687,19.8795180722892,1.80722891566265
"E00033528",120,5,20,82,13,68,2,8,46,12,52,3,12,36,1,4.16666666666667,16.6666666666667,68.3333333333333,10.8333333333333,56.6666666666667,1.66666666666667,6.66666666666667,38.3333333333333,10,43.3333333333333,2.5,10,30,0.833333333333333
"E00033530",244,16,48,141,39,129,8,15,78,28,115,8,33,63,11,6.55737704918033,19.672131147541,57.7868852459016,15.9836065573771,52.8688524590164,3.27868852459016,6.14754098360656,31.9672131147541,11.4754098360656,47.1311475409836,3.27868852459016,13.5245901639344,25.8196721311475,4.50819672131148
"E00033531",188,15,46,113,14,100,8,11,69,12,88,7,35,44,2,7.97872340425532,24.468085106383,60.1063829787234,7.4468085106383,53.1914893617021,4.25531914893617,5.85106382978723,36.7021276595745,6.38297872340426,46.8085106382979,3.72340425531915,18.6170212765957,23.4042553191489,1.06382978723404
"E00033532",210,16,42,138,14,106,8,7,81,10,104,8,35,57,4,7.61904761904762,20,65.7142857142857,6.66666666666667,50.4761904761905,3.80952380952381,3.33333333333333,38.5714285714286,4.76190476190476,49.5238095238095,3.80952380952381,16.6666666666667,27.1428571428571,1.9047619047619
"E00033533",122,9,22,79,12,62,3,6,48,5,60,6,16,31,7,7.37704918032787,18.0327868852459,64.7540983606557,9.83606557377049,50.8196721311475,2.45901639344262,4.91803278688525,39.344262295082,4.0983606557377,49.1803278688525,4.91803278688525,13.1147540983607,25.4098360655738,5.73770491803279
"E00033534",91,5,12,65,9,50,2,6,36,6,41,3,6,29,3,5.49450549450549,13.1868131868132,71.4285714285714,9.89010989010989,54.9450549450549,2.1978021978022,6.59340659340659,39.5604395604396,6.59340659340659,45.0549450549451,3.2967032967033,6.59340659340659,31.8681318681319,3.2967032967033
"E00033535",168,7,34,107,20,89,3,8,64,14,79,4,26,43,6,4.16666666666667,20.2380952380952,63.6904761904762,11.9047619047619,52.9761904761905,1.78571428571429,4.76190476190476,38.0952380952381,8.33333333333333,47.0238095238095,2.38095238095238,15.4761904761905,25.5952380952381,3.57142857142857
"E00033536",145,17,27,91,10,68,6,9,46,7,77,11,18,45,3,11.7241379310345,18.6206896551724,62.7586206896552,6.89655172413793,46.8965517241379,4.13793103448276,6.20689655172414,31.7241379310345,4.82758620689655,53.1034482758621,7.58620689655172,12.4137931034483,31.0344827586207,2.06896551724138
"E00033537",123,10,32,71,10,54,4,8,36,6,69,6,24,35,4,8.13008130081301,26.0162601626016,57.7235772357724,8.13008130081301,43.9024390243902,3.2520325203252,6.50406504065041,29.2682926829268,4.8780487804878,56.0975609756098,4.8780487804878,19.5121951219512,28.4552845528455,3.2520325203252
"E00033538",164,10,33,103,18,82,3,7,60,12,82,7,26,43,6,6.09756097560976,20.1219512195122,62.8048780487805,10.9756097560976,50,1.82926829268293,4.26829268292683,36.5853658536585,7.31707317073171,50,4.26829268292683,15.8536585365854,26.219512195122,3.65853658536585
"E00033539",183,14,36,118,15,87,3,4,69,11,96,11,32,49,4,7.65027322404372,19.672131147541,64.4808743169399,8.19672131147541,47.5409836065574,1.63934426229508,2.18579234972678,37.7049180327869,6.01092896174863,52.4590163934426,6.01092896174863,17.4863387978142,26.775956284153,2.18579234972678
"E00033540",176,16,26,114,20,77,2,6,52,17,99,14,20,62,3,9.09090909090909,14.7727272727273,64.7727272727273,11.3636363636364,43.75,1.13636363636364,3.40909090909091,29.5454545454545,9.65909090909091,56.25,7.95454545454545,11.3636363636364,35.2272727272727,1.70454545454545
"E00033541",162,15,32,105,10,86,3,12,63,8,76,12,20,42,2,9.25925925925926,19.7530864197531,64.8148148148148,6.17283950617284,53.0864197530864,1.85185185185185,7.40740740740741,38.8888888888889,4.93827160493827,46.9135802469136,7.40740740740741,12.3456790123457,25.9259259259259,1.23456790123457
"E00033542",122,13,24,74,11,56,6,5,36,9,66,7,19,38,2,10.655737704918,19.672131147541,60.655737704918,9.01639344262295,45.9016393442623,4.91803278688525,4.0983606557377,29.5081967213115,7.37704918032787,54.0983606557377,5.73770491803279,15.5737704918033,31.1475409836066,1.63934426229508
"E00033543",108,10,18,68,12,56,4,5,39,8,52,6,13,29,4,9.25925925925926,16.6666666666667,62.962962962963,11.1111111111111,51.8518518518518,3.7037037037037,4.62962962962963,36.1111111111111,7.40740740740741,48.1481481481481,5.55555555555556,12.037037037037,26.8518518518519,3.7037037037037
"E00033544",114,14,21,76,3,55,8,2,42,3,59,6,19,34,0,12.280701754386,18.4210526315789,66.6666666666667,2.63157894736842,48.2456140350877,7.01754385964912,1.75438596491228,36.8421052631579,2.63157894736842,51.7543859649123,5.26315789473684,16.6666666666667,29.8245614035088,0
"E00033545",97,8,20,60,9,48,3,3,34,8,49,5,17,26,1,8.24742268041237,20.6185567010309,61.8556701030928,9.27835051546392,49.4845360824742,3.09278350515464,3.09278350515464,35.0515463917526,8.24742268041237,50.5154639175258,5.15463917525773,17.5257731958763,26.8041237113402,1.03092783505155
"E00033546",139,8,28,96,7,71,3,5,58,5,68,5,23,38,2,5.75539568345324,20.1438848920863,69.0647482014388,5.03597122302158,51.0791366906475,2.15827338129496,3.59712230215827,41.726618705036,3.59712230215827,48.9208633093525,3.59712230215827,16.5467625899281,27.3381294964029,1.43884892086331
"E00033547",143,5,30,90,18,73,2,8,49,14,70,3,22,41,4,3.4965034965035,20.979020979021,62.9370629370629,12.5874125874126,51.0489510489511,1.3986013986014,5.59440559440559,34.2657342657343,9.79020979020979,48.951048951049,2.0979020979021,15.3846153846154,28.6713286713287,2.7972027972028
"E00033548",116,12,25,70,9,50,3,8,32,7,66,9,17,38,2,10.3448275862069,21.551724137931,60.3448275862069,7.75862068965517,43.1034482758621,2.58620689655172,6.89655172413793,27.5862068965517,6.03448275862069,56.8965517241379,7.75862068965517,14.6551724137931,32.7586206896552,1.72413793103448
"E00033549",132,15,37,67,13,64,3,8,43,10,68,12,29,24,3,11.3636363636364,28.030303030303,50.7575757575758,9.84848484848485,48.4848484848485,2.27272727272727,6.06060606060606,32.5757575757576,7.57575757575758,51.5151515151515,9.09090909090909,21.969696969697,18.1818181818182,2.27272727272727
"E00033550",146,10,22,94,20,80,1,8,55,16,66,9,14,39,4,6.84931506849315,15.0684931506849,64.3835616438356,13.6986301369863,54.7945205479452,0.684931506849315,5.47945205479452,37.6712328767123,10.958904109589,45.2054794520548,6.16438356164384,9.58904109589041,26.7123287671233,2.73972602739726
"E00033551",76,3,20,45,8,40,1,7,25,7,36,2,13,20,1,3.94736842105263,26.3157894736842,59.2105263157895,10.5263157894737,52.6315789473684,1.31578947368421,9.21052631578947,32.8947368421053,9.21052631578947,47.3684210526316,2.63157894736842,17.1052631578947,26.3157894736842,1.31578947368421
"E00033552",163,21,41,84,17,85,11,11,50,13,78,10,30,34,4,12.8834355828221,25.1533742331288,51.5337423312883,10.4294478527607,52.1472392638037,6.74846625766871,6.74846625766871,30.6748466257669,7.97546012269939,47.8527607361963,6.13496932515337,18.4049079754601,20.8588957055215,2.45398773006135
"E00033553",159,20,43,84,12,80,7,14,49,10,79,13,29,35,2,12.5786163522013,27.0440251572327,52.8301886792453,7.54716981132075,50.314465408805,4.40251572327044,8.80503144654088,30.8176100628931,6.28930817610063,49.685534591195,8.17610062893082,18.2389937106918,22.0125786163522,1.25786163522013
"E00033554",166,14,33,109,10,84,6,8,65,5,82,8,25,44,5,8.43373493975904,19.8795180722892,65.6626506024096,6.02409638554217,50.6024096385542,3.6144578313253,4.81927710843374,39.1566265060241,3.01204819277108,49.3975903614458,4.81927710843374,15.0602409638554,26.5060240963855,3.01204819277108
"E00033555",119,10,23,70,16,60,2,6,39,13,59,8,17,31,3,8.40336134453782,19.327731092437,58.8235294117647,13.4453781512605,50.4201680672269,1.68067226890756,5.04201680672269,32.7731092436975,10.9243697478992,49.5798319327731,6.72268907563025,14.2857142857143,26.0504201680672,2.52100840336134
"E00033556",142,6,31,84,21,78,2,5,51,20,64,4,26,33,1,4.22535211267606,21.830985915493,59.1549295774648,14.7887323943662,54.9295774647887,1.40845070422535,3.52112676056338,35.9154929577465,14.0845070422535,45.0704225352113,2.8169014084507,18.3098591549296,23.2394366197183,0.704225352112676
"E00033557",164,21,26,98,19,89,6,8,61,14,75,15,18,37,5,12.8048780487805,15.8536585365854,59.7560975609756,11.5853658536585,54.2682926829268,3.65853658536585,4.8780487804878,37.1951219512195,8.53658536585366,45.7317073170732,9.14634146341463,10.9756097560976,22.5609756097561,3.04878048780488
"E00033558",159,13,29,104,13,84,6,6,62,10,75,7,23,42,3,8.17610062893082,18.2389937106918,65.4088050314465,8.17610062893082,52.8301886792453,3.77358490566038,3.77358490566038,38.9937106918239,6.28930817610063,47.1698113207547,4.40251572327044,14.4654088050314,26.4150943396226,1.88679245283019
"E00033559",144,13,36,84,11,72,3,12,47,10,72,10,24,37,1,9.02777777777778,25,58.3333333333333,7.63888888888889,50,2.08333333333333,8.33333333333333,32.6388888888889,6.94444444444444,50,6.94444444444444,16.6666666666667,25.6944444444444,0.694444444444444
"E00033560",158,15,30,87,26,86,6,11,53,16,72,9,19,34,10,9.49367088607595,18.9873417721519,55.0632911392405,16.4556962025316,54.4303797468354,3.79746835443038,6.9620253164557,33.5443037974684,10.126582278481,45.5696202531646,5.69620253164557,12.0253164556962,21.5189873417722,6.32911392405063
"E00033561",147,25,29,67,26,75,10,5,41,19,72,15,24,26,7,17.0068027210884,19.7278911564626,45.578231292517,17.687074829932,51.0204081632653,6.80272108843537,3.40136054421769,27.891156462585,12.9251700680272,48.9795918367347,10.2040816326531,16.3265306122449,17.687074829932,4.76190476190476
"E00033562",164,13,38,97,16,86,3,8,61,14,78,10,30,36,2,7.92682926829268,23.1707317073171,59.1463414634146,9.75609756097561,52.4390243902439,1.82926829268293,4.8780487804878,37.1951219512195,8.53658536585366,47.5609756097561,6.09756097560976,18.2926829268293,21.9512195121951,1.21951219512195
"E00033563",183,23,42,99,19,90,6,13,57,14,93,17,29,42,5,12.568306010929,22.9508196721311,54.0983606557377,10.3825136612022,49.1803278688525,3.27868852459016,7.10382513661202,31.1475409836066,7.65027322404372,50.8196721311475,9.2896174863388,15.8469945355191,22.9508196721311,2.73224043715847
"E00033564",145,18,34,74,19,74,7,8,43,16,71,11,26,31,3,12.4137931034483,23.448275862069,51.0344827586207,13.1034482758621,51.0344827586207,4.82758620689655,5.51724137931035,29.6551724137931,11.0344827586207,48.9655172413793,7.58620689655172,17.9310344827586,21.3793103448276,2.06896551724138
"E00033565",147,12,33,90,12,73,6,6,50,11,74,6,27,40,1,8.16326530612245,22.4489795918367,61.2244897959184,8.16326530612245,49.6598639455782,4.08163265306122,4.08163265306122,34.0136054421769,7.48299319727891,50.3401360544218,4.08163265306122,18.3673469387755,27.2108843537415,0.680272108843537
"E00033566",134,16,19,86,13,72,5,4,51,12,62,11,15,35,1,11.9402985074627,14.1791044776119,64.1791044776119,9.70149253731343,53.7313432835821,3.73134328358209,2.98507462686567,38.0597014925373,8.95522388059701,46.2686567164179,8.2089552238806,11.1940298507463,26.1194029850746,0.746268656716418
"E00033567",157,13,37,88,19,81,5,4,56,16,76,8,33,32,3,8.28025477707006,23.5668789808917,56.0509554140127,12.1019108280255,51.5923566878981,3.18471337579618,2.54777070063694,35.6687898089172,10.1910828025478,48.4076433121019,5.09554140127389,21.0191082802548,20.3821656050955,1.91082802547771
"E00033568",117,13,32,69,3,47,4,8,34,1,70,9,24,35,2,11.1111111111111,27.3504273504274,58.974358974359,2.56410256410256,40.1709401709402,3.41880341880342,6.83760683760684,29.0598290598291,0.854700854700855,59.8290598290598,7.69230769230769,20.5128205128205,29.9145299145299,1.70940170940171
"E00033569",126,16,26,76,8,62,5,7,44,6,64,11,19,32,2,12.6984126984127,20.6349206349206,60.3174603174603,6.34920634920635,49.2063492063492,3.96825396825397,5.55555555555556,34.9206349206349,4.76190476190476,50.7936507936508,8.73015873015873,15.0793650793651,25.3968253968254,1.58730158730159
"E00033570",188,12,42,117,17,93,6,9,63,15,95,6,33,54,2,6.38297872340426,22.3404255319149,62.2340425531915,9.04255319148936,49.468085106383,3.19148936170213,4.78723404255319,33.5106382978723,7.97872340425532,50.531914893617,3.19148936170213,17.5531914893617,28.7234042553192,1.06382978723404
"E00033571",100,4,27,63,6,51,3,6,37,5,49,1,21,26,1,4,27,63,6,51,3,6,37,5,49,1,21,26,1
"E00033572",148,16,26,96,10,70,6,5,50,9,78,10,21,46,1,10.8108108108108,17.5675675675676,64.8648648648649,6.75675675675676,47.2972972972973,4.05405405405405,3.37837837837838,33.7837837837838,6.08108108108108,52.7027027027027,6.75675675675676,14.1891891891892,31.0810810810811,0.675675675675676
"E00033573",73,8,17,44,4,39,3,5,27,4,34,5,12,17,0,10.958904109589,23.2876712328767,60.2739726027397,5.47945205479452,53.4246575342466,4.10958904109589,6.84931506849315,36.986301369863,5.47945205479452,46.5753424657534,6.84931506849315,16.4383561643836,23.2876712328767,0
"E00033574",156,10,42,96,8,72,2,6,60,4,84,8,36,36,4,6.41025641025641,26.9230769230769,61.5384615384615,5.12820512820513,46.1538461538462,1.28205128205128,3.84615384615385,38.4615384615385,2.56410256410256,53.8461538461538,5.12820512820513,23.0769230769231,23.0769230769231,2.56410256410256
"E00033575",120,16,19,79,6,64,9,6,46,3,56,7,13,33,3,13.3333333333333,15.8333333333333,65.8333333333333,5,53.3333333333333,7.5,5,38.3333333333333,2.5,46.6666666666667,5.83333333333333,10.8333333333333,27.5,2.5
"E00033576",85,2,22,54,7,40,0,7,28,5,45,2,15,26,2,2.35294117647059,25.8823529411765,63.5294117647059,8.23529411764706,47.0588235294118,0,8.23529411764706,32.9411764705882,5.88235294117647,52.9411764705882,2.35294117647059,17.6470588235294,30.5882352941176,2.35294117647059
"E00033577",141,7,30,97,7,79,2,10,62,5,62,5,20,35,2,4.9645390070922,21.2765957446809,68.7943262411348,4.9645390070922,56.0283687943262,1.41843971631206,7.09219858156028,43.9716312056738,3.54609929078014,43.9716312056738,3.54609929078014,14.1843971631206,24.822695035461,1.41843971631206
"E00033579",95,9,33,46,7,47,4,8,31,4,48,5,25,15,3,9.47368421052632,34.7368421052632,48.4210526315789,7.36842105263158,49.4736842105263,4.21052631578947,8.42105263157895,32.6315789473684,4.21052631578947,50.5263157894737,5.26315789473684,26.3157894736842,15.7894736842105,3.15789473684211
"E00033580",74,5,11,53,5,47,1,4,39,3,27,4,7,14,2,6.75675675675676,14.8648648648649,71.6216216216216,6.75675675675676,63.5135135135135,1.35135135135135,5.40540540540541,52.7027027027027,4.05405405405405,36.4864864864865,5.40540540540541,9.45945945945946,18.9189189189189,2.7027027027027
"E00033581",194,16,45,115,18,102,7,18,60,17,92,9,27,55,1,8.24742268041237,23.1958762886598,59.2783505154639,9.27835051546392,52.5773195876289,3.60824742268041,9.27835051546392,30.9278350515464,8.76288659793814,47.4226804123711,4.63917525773196,13.9175257731959,28.3505154639175,0.515463917525773
"E00033582",127,10,21,84,12,69,5,5,48,11,58,5,16,36,1,7.8740157480315,16.5354330708661,66.1417322834646,9.44881889763779,54.3307086614173,3.93700787401575,3.93700787401575,37.7952755905512,8.66141732283465,45.6692913385827,3.93700787401575,12.5984251968504,28.3464566929134,0.78740157480315
"E00033583",135,11,27,79,18,75,5,7,51,12,60,6,20,28,6,8.14814814814815,20,58.5185185185185,13.3333333333333,55.5555555555556,3.7037037037037,5.18518518518519,37.7777777777778,8.88888888888889,44.4444444444444,4.44444444444444,14.8148148148148,20.7407407407407,4.44444444444444
"E00033584",206,54,49,74,29,92,15,16,42,19,114,39,33,32,10,26.2135922330097,23.7864077669903,35.9223300970874,14.0776699029126,44.6601941747573,7.28155339805825,7.76699029126214,20.3883495145631,9.22330097087379,55.3398058252427,18.9320388349515,16.0194174757282,15.5339805825243,4.85436893203883
"E00033585",156,10,29,104,13,76,5,7,55,9,80,5,22,49,4,6.41025641025641,18.5897435897436,66.6666666666667,8.33333333333333,48.7179487179487,3.2051282051282,4.48717948717949,35.2564102564103,5.76923076923077,51.2820512820513,3.2051282051282,14.1025641025641,31.4102564102564,2.56410256410256
"E00033586",142,6,28,86,22,60,2,9,40,9,82,4,19,46,13,4.22535211267606,19.7183098591549,60.5633802816901,15.4929577464789,42.2535211267606,1.40845070422535,6.33802816901408,28.169014084507,6.33802816901408,57.7464788732394,2.8169014084507,13.3802816901408,32.3943661971831,9.15492957746479
"E00033587",117,10,22,71,14,67,6,4,47,10,50,4,18,24,4,8.54700854700855,18.8034188034188,60.6837606837607,11.965811965812,57.2649572649573,5.12820512820513,3.41880341880342,40.1709401709402,8.54700854700855,42.7350427350427,3.41880341880342,15.3846153846154,20.5128205128205,3.41880341880342
"E00033589",135,17,42,65,11,59,3,7,40,9,76,14,35,25,2,12.5925925925926,31.1111111111111,48.1481481481481,8.14814814814815,43.7037037037037,2.22222222222222,5.18518518518519,29.6296296296296,6.66666666666667,56.2962962962963,10.3703703703704,25.9259259259259,18.5185185185185,1.48148148148148
"E00033590",70,3,17,43,7,34,1,4,23,6,36,2,13,20,1,4.28571428571429,24.2857142857143,61.4285714285714,10,48.5714285714286,1.42857142857143,5.71428571428571,32.8571428571429,8.57142857142857,51.4285714285714,2.85714285714286,18.5714285714286,28.5714285714286,1.42857142857143
"E00033591",66,5,19,38,4,31,2,7,19,3,35,3,12,19,1,7.57575757575758,28.7878787878788,57.5757575757576,6.06060606060606,46.969696969697,3.03030303030303,10.6060606060606,28.7878787878788,4.54545454545455,53.030303030303,4.54545454545455,18.1818181818182,28.7878787878788,1.51515151515152
"E00033592",85,7,28,44,6,38,1,10,21,6,47,6,18,23,0,8.23529411764706,32.9411764705882,51.7647058823529,7.05882352941176,44.7058823529412,1.17647058823529,11.7647058823529,24.7058823529412,7.05882352941176,55.2941176470588,7.05882352941176,21.1764705882353,27.0588235294118,0
"E00033593",63,5,14,36,8,30,5,1,17,7,33,0,13,19,1,7.93650793650794,22.2222222222222,57.1428571428571,12.6984126984127,47.6190476190476,7.93650793650794,1.58730158730159,26.984126984127,11.1111111111111,52.3809523809524,0,20.6349206349206,30.1587301587302,1.58730158730159
"E00033594",99,7,35,53,4,41,2,5,31,3,58,5,30,22,1,7.07070707070707,35.3535353535354,53.5353535353535,4.04040404040404,41.4141414141414,2.02020202020202,5.05050505050505,31.3131313131313,3.03030303030303,58.5858585858586,5.05050505050505,30.3030303030303,22.2222222222222,1.01010101010101
"E00033595",80,8,23,45,4,41,2,6,30,3,39,6,17,15,1,10,28.75,56.25,5,51.25,2.5,7.5,37.5,3.75,48.75,7.5,21.25,18.75,1.25
"E00033596",102,6,21,65,10,60,3,5,45,7,42,3,16,20,3,5.88235294117647,20.5882352941176,63.7254901960784,9.80392156862745,58.8235294117647,2.94117647058824,4.90196078431373,44.1176470588235,6.86274509803922,41.1764705882353,2.94117647058824,15.6862745098039,19.6078431372549,2.94117647058824
"E00033597",90,7,26,49,8,44,2,7,27,8,46,5,19,22,0,7.77777777777778,28.8888888888889,54.4444444444444,8.88888888888889,48.8888888888889,2.22222222222222,7.77777777777778,30,8.88888888888889,51.1111111111111,5.55555555555556,21.1111111111111,24.4444444444444,0
"E00033598",73,6,15,45,7,36,1,2,27,6,37,5,13,18,1,8.21917808219178,20.5479452054795,61.6438356164384,9.58904109589041,49.3150684931507,1.36986301369863,2.73972602739726,36.986301369863,8.21917808219178,50.6849315068493,6.84931506849315,17.8082191780822,24.6575342465753,1.36986301369863
"E00033599",82,6,22,48,6,41,0,5,31,5,41,6,17,17,1,7.31707317073171,26.8292682926829,58.5365853658537,7.31707317073171,50,0,6.09756097560976,37.8048780487805,6.09756097560976,50,7.31707317073171,20.7317073170732,20.7317073170732,1.21951219512195
"E00033600",66,4,18,41,3,31,0,3,26,2,35,4,15,15,1,6.06060606060606,27.2727272727273,62.1212121212121,4.54545454545455,46.969696969697,0,4.54545454545455,39.3939393939394,3.03030303030303,53.030303030303,6.06060606060606,22.7272727272727,22.7272727272727,1.51515151515152
"E00033601",119,7,38,62,12,57,3,10,34,10,62,4,28,28,2,5.88235294117647,31.9327731092437,52.1008403361345,10.0840336134454,47.8991596638655,2.52100840336134,8.40336134453782,28.5714285714286,8.40336134453782,52.1008403361345,3.36134453781513,23.5294117647059,23.5294117647059,1.68067226890756
"E00033602",170,9,29,117,15,84,4,6,64,10,86,5,23,53,5,5.29411764705882,17.0588235294118,68.8235294117647,8.82352941176471,49.4117647058824,2.35294117647059,3.52941176470588,37.6470588235294,5.88235294117647,50.5882352941176,2.94117647058824,13.5294117647059,31.1764705882353,2.94117647058824
"E00033603",94,11,22,53,8,42,3,4,28,7,52,8,18,25,1,11.7021276595745,23.4042553191489,56.3829787234042,8.51063829787234,44.6808510638298,3.19148936170213,4.25531914893617,29.7872340425532,7.4468085106383,55.3191489361702,8.51063829787234,19.1489361702128,26.5957446808511,1.06382978723404
"E00033604",87,10,22,52,3,38,6,6,24,2,49,4,16,28,1,11.4942528735632,25.2873563218391,59.7701149425287,3.44827586206897,43.6781609195402,6.89655172413793,6.89655172413793,27.5862068965517,2.29885057471264,56.3218390804598,4.59770114942529,18.3908045977011,32.183908045977,1.14942528735632
"E00033605",150,16,31,94,9,63,3,14,43,3,87,13,17,51,6,10.6666666666667,20.6666666666667,62.6666666666667,6,42,2,9.33333333333333,28.6666666666667,2,58,8.66666666666667,11.3333333333333,34,4
"E00033606",153,14,30,92,17,77,5,13,47,12,76,9,17,45,5,9.15032679738562,19.6078431372549,60.1307189542484,11.1111111111111,50.3267973856209,3.26797385620915,8.49673202614379,30.718954248366,7.84313725490196,49.6732026143791,5.88235294117647,11.1111111111111,29.4117647058824,3.26797385620915
"E00033607",83,7,25,45,6,33,0,4,25,4,50,7,21,20,2,8.43373493975904,30.1204819277108,54.2168674698795,7.2289156626506,39.7590361445783,0,4.81927710843374,30.1204819277108,4.81927710843374,60.2409638554217,8.43373493975904,25.3012048192771,24.0963855421687,2.40963855421687
"E00033608",130,9,31,87,3,56,2,7,44,3,74,7,24,43,0,6.92307692307692,23.8461538461538,66.9230769230769,2.30769230769231,43.0769230769231,1.53846153846154,5.38461538461539,33.8461538461538,2.30769230769231,56.9230769230769,5.38461538461539,18.4615384615385,33.0769230769231,0
"E00033611",182,20,34,107,21,89,5,12,55,17,93,15,22,52,4,10.989010989011,18.6813186813187,58.7912087912088,11.5384615384615,48.9010989010989,2.74725274725275,6.59340659340659,30.2197802197802,9.34065934065934,51.0989010989011,8.24175824175824,12.0879120879121,28.5714285714286,2.1978021978022
"E00033613",118,14,22,72,10,46,4,3,34,5,72,10,19,38,5,11.864406779661,18.6440677966102,61.0169491525424,8.47457627118644,38.9830508474576,3.38983050847458,2.54237288135593,28.8135593220339,4.23728813559322,61.0169491525424,8.47457627118644,16.1016949152542,32.2033898305085,4.23728813559322
"E00033614",206,14,35,127,30,100,7,8,66,19,106,7,27,61,11,6.79611650485437,16.9902912621359,61.6504854368932,14.5631067961165,48.5436893203884,3.39805825242718,3.88349514563107,32.0388349514563,9.22330097087379,51.4563106796116,3.39805825242718,13.1067961165049,29.6116504854369,5.33980582524272
"E00033616",184,20,42,96,26,97,4,15,60,18,87,16,27,36,8,10.8695652173913,22.8260869565217,52.1739130434783,14.1304347826087,52.7173913043478,2.17391304347826,8.15217391304348,32.6086956521739,9.78260869565217,47.2826086956522,8.69565217391304,14.6739130434783,19.5652173913043,4.34782608695652
"E00033618",201,10,33,142,16,99,2,8,78,11,102,8,25,64,5,4.97512437810945,16.4179104477612,70.6467661691542,7.96019900497512,49.2537313432836,0.995024875621891,3.98009950248756,38.8059701492537,5.4726368159204,50.7462686567164,3.98009950248756,12.4378109452736,31.8407960199005,2.48756218905473
"E00033620",161,20,25,105,11,73,6,4,55,8,88,14,21,50,3,12.4223602484472,15.527950310559,65.2173913043478,6.83229813664596,45.3416149068323,3.72670807453416,2.48447204968944,34.1614906832298,4.96894409937888,54.6583850931677,8.69565217391304,13.0434782608696,31.055900621118,1.86335403726708
"E00033621",92,6,24,57,5,38,0,6,30,2,54,6,18,27,3,6.52173913043478,26.0869565217391,61.9565217391304,5.43478260869565,41.304347826087,0,6.52173913043478,32.6086956521739,2.17391304347826,58.695652173913,6.52173913043478,19.5652173913043,29.3478260869565,3.26086956521739
"E00033623",138,11,28,81,18,82,1,14,50,17,56,10,14,31,1,7.97101449275362,20.2898550724638,58.695652173913,13.0434782608696,59.4202898550725,0.72463768115942,10.1449275362319,36.231884057971,12.3188405797101,40.5797101449275,7.2463768115942,10.1449275362319,22.463768115942,0.72463768115942
"E00033624",87,3,33,45,6,37,1,8,25,3,50,2,25,20,3,3.44827586206897,37.9310344827586,51.7241379310345,6.89655172413793,42.5287356321839,1.14942528735632,9.19540229885057,28.735632183908,3.44827586206897,57.4712643678161,2.29885057471264,28.735632183908,22.9885057471264,3.44827586206897
"E00033625",176,16,34,113,13,90,5,8,68,9,86,11,26,45,4,9.09090909090909,19.3181818181818,64.2045454545455,7.38636363636364,51.1363636363636,2.84090909090909,4.54545454545455,38.6363636363636,5.11363636363636,48.8636363636364,6.25,14.7727272727273,25.5681818181818,2.27272727272727
"E00033626",261,17,48,182,14,126,6,13,95,12,135,11,35,87,2,6.51340996168582,18.3908045977011,69.7318007662835,5.3639846743295,48.2758620689655,2.29885057471264,4.98084291187739,36.3984674329502,4.59770114942529,51.7241379310345,4.21455938697318,13.4099616858238,33.3333333333333,0.766283524904214
"E00033627",188,10,29,136,13,91,4,8,68,11,97,6,21,68,2,5.31914893617021,15.4255319148936,72.3404255319149,6.91489361702128,48.4042553191489,2.12765957446809,4.25531914893617,36.1702127659575,5.85106382978723,51.5957446808511,3.19148936170213,11.1702127659574,36.1702127659575,1.06382978723404
"E00033628",93,8,22,60,3,41,1,7,30,3,52,7,15,30,0,8.60215053763441,23.6559139784946,64.5161290322581,3.2258064516129,44.0860215053763,1.0752688172043,7.52688172043011,32.258064516129,3.2258064516129,55.9139784946236,7.52688172043011,16.1290322580645,32.258064516129,0
"E00033629",207,17,44,125,21,101,7,13,66,15,106,10,31,59,6,8.21256038647343,21.256038647343,60.3864734299517,10.1449275362319,48.792270531401,3.38164251207729,6.28019323671498,31.8840579710145,7.2463768115942,51.207729468599,4.83091787439614,14.975845410628,28.5024154589372,2.89855072463768
"E00033630",107,4,22,73,8,61,1,6,48,6,46,3,16,25,2,3.73831775700935,20.5607476635514,68.2242990654206,7.47663551401869,57.0093457943925,0.934579439252336,5.60747663551402,44.8598130841121,5.60747663551402,42.9906542056075,2.80373831775701,14.9532710280374,23.3644859813084,1.86915887850467
"E00033631",72,3,17,46,6,34,0,3,30,1,38,3,14,16,5,4.16666666666667,23.6111111111111,63.8888888888889,8.33333333333333,47.2222222222222,0,4.16666666666667,41.6666666666667,1.38888888888889,52.7777777777778,4.16666666666667,19.4444444444444,22.2222222222222,6.94444444444444
"E00033632",86,6,34,41,5,34,1,6,22,5,52,5,28,19,0,6.97674418604651,39.5348837209302,47.6744186046512,5.81395348837209,39.5348837209302,1.16279069767442,6.97674418604651,25.5813953488372,5.81395348837209,60.4651162790698,5.81395348837209,32.5581395348837,22.093023255814,0
"E00033633",114,3,18,85,8,56,0,5,44,7,58,3,13,41,1,2.63157894736842,15.7894736842105,74.5614035087719,7.01754385964912,49.1228070175439,0,4.3859649122807,38.5964912280702,6.14035087719298,50.8771929824561,2.63157894736842,11.4035087719298,35.9649122807018,0.87719298245614
"E00033634",99,9,27,53,10,49,4,6,29,10,50,5,21,24,0,9.09090909090909,27.2727272727273,53.5353535353535,10.1010101010101,49.4949494949495,4.04040404040404,6.06060606060606,29.2929292929293,10.1010101010101,50.5050505050505,5.05050505050505,21.2121212121212,24.2424242424242,0
"E00033635",142,15,29,88,10,75,5,6,55,9,67,10,23,33,1,10.5633802816901,20.4225352112676,61.9718309859155,7.04225352112676,52.8169014084507,3.52112676056338,4.22535211267606,38.7323943661972,6.33802816901408,47.1830985915493,7.04225352112676,16.1971830985916,23.2394366197183,0.704225352112676
"E00033636",132,13,34,77,8,61,4,5,47,5,71,9,29,30,3,9.84848484848485,25.7575757575758,58.3333333333333,6.06060606060606,46.2121212121212,3.03030303030303,3.78787878787879,35.6060606060606,3.78787878787879,53.7878787878788,6.81818181818182,21.969696969697,22.7272727272727,2.27272727272727
"E00033637",235,20,65,128,22,100,3,14,66,17,135,17,51,62,5,8.51063829787234,27.6595744680851,54.468085106383,9.36170212765957,42.5531914893617,1.27659574468085,5.95744680851064,28.0851063829787,7.23404255319149,57.4468085106383,7.23404255319149,21.7021276595745,26.3829787234043,2.12765957446809
"E00033639",111,8,37,55,11,43,4,4,28,7,68,4,33,27,4,7.20720720720721,33.3333333333333,49.5495495495495,9.90990990990991,38.7387387387387,3.6036036036036,3.6036036036036,25.2252252252252,6.30630630630631,61.2612612612613,3.6036036036036,29.7297297297297,24.3243243243243,3.6036036036036
"E00033640",91,11,23,54,3,41,6,6,28,1,50,5,17,26,2,12.0879120879121,25.2747252747253,59.3406593406593,3.2967032967033,45.0549450549451,6.59340659340659,6.59340659340659,30.7692307692308,1.0989010989011,54.9450549450549,5.49450549450549,18.6813186813187,28.5714285714286,2.1978021978022
"E00033641",125,10,30,72,13,65,2,8,43,12,60,8,22,29,1,8,24,57.6,10.4,52,1.6,6.4,34.4,9.6,48,6.4,17.6,23.2,0.8
"E00033642",176,17,36,110,13,78,3,4,61,10,98,14,32,49,3,9.65909090909091,20.4545454545455,62.5,7.38636363636364,44.3181818181818,1.70454545454545,2.27272727272727,34.6590909090909,5.68181818181818,55.6818181818182,7.95454545454545,18.1818181818182,27.8409090909091,1.70454545454545
"E00033643",98,3,18,69,8,40,1,1,34,4,58,2,17,35,4,3.06122448979592,18.3673469387755,70.4081632653061,8.16326530612245,40.8163265306122,1.02040816326531,1.02040816326531,34.6938775510204,4.08163265306122,59.1836734693878,2.04081632653061,17.3469387755102,35.7142857142857,4.08163265306122
"E00033644",49,7,21,16,5,16,3,3,7,3,33,4,18,9,2,14.2857142857143,42.8571428571429,32.6530612244898,10.2040816326531,32.6530612244898,6.12244897959184,6.12244897959184,14.2857142857143,6.12244897959184,67.3469387755102,8.16326530612245,36.734693877551,18.3673469387755,4.08163265306122
"E00033645",92,4,26,53,9,38,1,5,25,7,54,3,21,28,2,4.34782608695652,28.2608695652174,57.6086956521739,9.78260869565217,41.304347826087,1.08695652173913,5.43478260869565,27.1739130434783,7.60869565217391,58.695652173913,3.26086956521739,22.8260869565217,30.4347826086957,2.17391304347826
"E00033646",33,2,9,21,1,14,0,1,12,1,19,2,8,9,0,6.06060606060606,27.2727272727273,63.6363636363636,3.03030303030303,42.4242424242424,0,3.03030303030303,36.3636363636364,3.03030303030303,57.5757575757576,6.06060606060606,24.2424242424242,27.2727272727273,0
"E00033647",122,4,31,78,9,54,2,7,39,6,68,2,24,39,3,3.27868852459016,25.4098360655738,63.9344262295082,7.37704918032787,44.2622950819672,1.63934426229508,5.73770491803279,31.9672131147541,4.91803278688525,55.7377049180328,1.63934426229508,19.672131147541,31.9672131147541,2.45901639344262
"E00033648",94,5,22,62,5,49,4,7,34,4,45,1,15,28,1,5.31914893617021,23.4042553191489,65.9574468085106,5.31914893617021,52.1276595744681,4.25531914893617,7.4468085106383,36.1702127659575,4.25531914893617,47.8723404255319,1.06382978723404,15.9574468085106,29.7872340425532,1.06382978723404
"E00033649",178,14,41,107,16,85,4,9,59,13,93,10,32,48,3,7.86516853932584,23.0337078651685,60.1123595505618,8.98876404494382,47.752808988764,2.24719101123596,5.0561797752809,33.1460674157303,7.30337078651685,52.247191011236,5.61797752808989,17.9775280898876,26.9662921348315,1.68539325842697
"E00033650",110,8,38,57,7,44,2,10,28,4,66,6,28,29,3,7.27272727272727,34.5454545454545,51.8181818181818,6.36363636363636,40,1.81818181818182,9.09090909090909,25.4545454545455,3.63636363636364,60,5.45454545454545,25.4545454545455,26.3636363636364,2.72727272727273
"E00033651",49,5,15,27,2,26,0,4,20,2,23,5,11,7,0,10.2040816326531,30.6122448979592,55.1020408163265,4.08163265306122,53.0612244897959,0,8.16326530612245,40.8163265306122,4.08163265306122,46.9387755102041,10.2040816326531,22.4489795918367,14.2857142857143,0
"E00033652",96,10,26,53,7,42,4,6,27,5,54,6,20,26,2,10.4166666666667,27.0833333333333,55.2083333333333,7.29166666666667,43.75,4.16666666666667,6.25,28.125,5.20833333333333,56.25,6.25,20.8333333333333,27.0833333333333,2.08333333333333
"E00033653",150,4,37,102,7,74,1,11,57,5,76,3,26,45,2,2.66666666666667,24.6666666666667,68,4.66666666666667,49.3333333333333,0.666666666666667,7.33333333333333,38,3.33333333333333,50.6666666666667,2,17.3333333333333,30,1.33333333333333
"E00033654",65,9,18,34,4,28,3,6,15,4,37,6,12,19,0,13.8461538461538,27.6923076923077,52.3076923076923,6.15384615384615,43.0769230769231,4.61538461538462,9.23076923076923,23.0769230769231,6.15384615384615,56.9230769230769,9.23076923076923,18.4615384615385,29.2307692307692,0
"E00033655",147,7,38,86,16,72,4,10,46,12,75,3,28,40,4,4.76190476190476,25.8503401360544,58.5034013605442,10.8843537414966,48.9795918367347,2.72108843537415,6.80272108843537,31.2925170068027,8.16326530612245,51.0204081632653,2.04081632653061,19.047619047619,27.2108843537415,2.72108843537415
"E00033656",64,4,18,39,3,27,1,3,22,1,37,3,15,17,2,6.25,28.125,60.9375,4.6875,42.1875,1.5625,4.6875,34.375,1.5625,57.8125,4.6875,23.4375,26.5625,3.125
"E00033657",77,8,19,40,10,36,3,4,20,9,41,5,15,20,1,10.3896103896104,24.6753246753247,51.9480519480519,12.987012987013,46.7532467532467,3.8961038961039,5.19480519480519,25.974025974026,11.6883116883117,53.2467532467532,6.49350649350649,19.4805194805195,25.974025974026,1.2987012987013
"E00033658",114,8,34,65,7,49,3,9,32,5,65,5,25,33,2,7.01754385964912,29.8245614035088,57.0175438596491,6.14035087719298,42.9824561403509,2.63157894736842,7.89473684210526,28.0701754385965,4.3859649122807,57.0175438596491,4.3859649122807,21.9298245614035,28.9473684210526,1.75438596491228
"E00033659",167,9,43,94,21,84,5,9,57,13,83,4,34,37,8,5.38922155688623,25.748502994012,56.2874251497006,12.5748502994012,50.2994011976048,2.9940119760479,5.38922155688623,34.1317365269461,7.78443113772455,49.7005988023952,2.39520958083832,20.3592814371257,22.1556886227545,4.79041916167665
"E00033660",98,4,33,55,6,36,1,7,24,4,62,3,26,31,2,4.08163265306122,33.6734693877551,56.1224489795918,6.12244897959184,36.734693877551,1.02040816326531,7.14285714285714,24.4897959183673,4.08163265306122,63.265306122449,3.06122448979592,26.530612244898,31.6326530612245,2.04081632653061
"E00033662",117,1,36,69,11,59,0,8,44,7,58,1,28,25,4,0.854700854700855,30.7692307692308,58.974358974359,9.4017094017094,50.4273504273504,0,6.83760683760684,37.6068376068376,5.98290598290598,49.5726495726496,0.854700854700855,23.9316239316239,21.3675213675214,3.41880341880342
"E00033663",68,3,14,44,7,38,2,5,26,5,30,1,9,18,2,4.41176470588235,20.5882352941176,64.7058823529412,10.2941176470588,55.8823529411765,2.94117647058824,7.35294117647059,38.2352941176471,7.35294117647059,44.1176470588235,1.47058823529412,13.2352941176471,26.4705882352941,2.94117647058824
"E00033664",71,5,22,38,6,40,2,7,25,6,31,3,15,13,0,7.04225352112676,30.9859154929577,53.5211267605634,8.45070422535211,56.3380281690141,2.8169014084507,9.85915492957746,35.2112676056338,8.45070422535211,43.6619718309859,4.22535211267606,21.1267605633803,18.3098591549296,0
"E00033665",197,12,54,118,13,93,1,14,68,10,104,11,40,50,3,6.09137055837564,27.4111675126904,59.8984771573604,6.5989847715736,47.2081218274112,0.50761421319797,7.10659898477157,34.5177664974619,5.0761421319797,52.7918781725888,5.58375634517767,20.3045685279188,25.3807106598985,1.52284263959391
"E00033666",48,10,13,24,1,20,4,5,10,1,28,6,8,14,0,20.8333333333333,27.0833333333333,50,2.08333333333333,41.6666666666667,8.33333333333333,10.4166666666667,20.8333333333333,2.08333333333333,58.3333333333333,12.5,16.6666666666667,29.1666666666667,0
"E00033667",111,5,42,55,9,50,2,11,30,7,61,3,31,25,2,4.5045045045045,37.8378378378378,49.5495495495495,8.10810810810811,45.045045045045,1.8018018018018,9.90990990990991,27.027027027027,6.30630630630631,54.954954954955,2.7027027027027,27.9279279279279,22.5225225225225,1.8018018018018
"E00033668",132,3,37,82,10,71,1,8,53,9,61,2,29,29,1,2.27272727272727,28.030303030303,62.1212121212121,7.57575757575758,53.7878787878788,0.757575757575758,6.06060606060606,40.1515151515151,6.81818181818182,46.2121212121212,1.51515151515152,21.969696969697,21.969696969697,0.757575757575758
"E00033669",88,11,29,41,7,43,6,7,25,5,45,5,22,16,2,12.5,32.9545454545455,46.5909090909091,7.95454545454545,48.8636363636364,6.81818181818182,7.95454545454545,28.4090909090909,5.68181818181818,51.1363636363636,5.68181818181818,25,18.1818181818182,2.27272727272727
"E00033670",207,9,9,164,25,138,6,6,104,22,69,3,3,60,3,4.34782608695652,4.34782608695652,79.2270531400966,12.0772946859903,66.6666666666667,2.89855072463768,2.89855072463768,50.2415458937198,10.6280193236715,33.3333333333333,1.44927536231884,1.44927536231884,28.9855072463768,1.44927536231884
"E00033672",119,12,37,59,11,51,5,6,32,8,68,7,31,27,3,10.0840336134454,31.0924369747899,49.5798319327731,9.2436974789916,42.8571428571429,4.20168067226891,5.04201680672269,26.890756302521,6.72268907563025,57.1428571428571,5.88235294117647,26.0504201680672,22.6890756302521,2.52100840336134
"E00033673",72,5,28,31,8,35,1,7,19,8,37,4,21,12,0,6.94444444444444,38.8888888888889,43.0555555555556,11.1111111111111,48.6111111111111,1.38888888888889,9.72222222222222,26.3888888888889,11.1111111111111,51.3888888888889,5.55555555555556,29.1666666666667,16.6666666666667,0
"E00033677",61,7,21,30,3,28,0,3,22,3,33,7,18,8,0,11.4754098360656,34.4262295081967,49.1803278688525,4.91803278688525,45.9016393442623,0,4.91803278688525,36.0655737704918,4.91803278688525,54.0983606557377,11.4754098360656,29.5081967213115,13.1147540983607,0
"E00033678",107,16,11,65,15,65,9,3,44,9,42,7,8,21,6,14.9532710280374,10.2803738317757,60.7476635514019,14.018691588785,60.7476635514019,8.41121495327103,2.80373831775701,41.1214953271028,8.41121495327103,39.2523364485981,6.54205607476635,7.47663551401869,19.6261682242991,5.60747663551402
"E00033684",119,4,33,71,11,56,3,9,39,5,63,1,24,32,6,3.36134453781513,27.7310924369748,59.6638655462185,9.2436974789916,47.0588235294118,2.52100840336134,7.56302521008403,32.7731092436975,4.20168067226891,52.9411764705882,0.840336134453782,20.1680672268908,26.890756302521,5.04201680672269
"E00033685",82,6,24,51,1,44,1,8,34,1,38,5,16,17,0,7.31707317073171,29.2682926829268,62.1951219512195,1.21951219512195,53.6585365853659,1.21951219512195,9.75609756097561,41.4634146341463,1.21951219512195,46.3414634146341,6.09756097560976,19.5121951219512,20.7317073170732,0
"E00033686",64,4,25,28,7,27,0,7,15,5,37,4,18,13,2,6.25,39.0625,43.75,10.9375,42.1875,0,10.9375,23.4375,7.8125,57.8125,6.25,28.125,20.3125,3.125
"E00033687",135,12,40,76,7,60,4,8,43,5,75,8,32,33,2,8.88888888888889,29.6296296296296,56.2962962962963,5.18518518518519,44.4444444444444,2.96296296296296,5.92592592592593,31.8518518518519,3.7037037037037,55.5555555555556,5.92592592592593,23.7037037037037,24.4444444444444,1.48148148148148
"E00033688",53,5,17,27,4,22,2,3,14,3,31,3,14,13,1,9.43396226415094,32.0754716981132,50.9433962264151,7.54716981132075,41.5094339622642,3.77358490566038,5.66037735849057,26.4150943396226,5.66037735849057,58.4905660377358,5.66037735849057,26.4150943396226,24.5283018867925,1.88679245283019
"E00033689",92,10,29,51,2,37,3,7,26,1,55,7,22,25,1,10.8695652173913,31.5217391304348,55.4347826086957,2.17391304347826,40.2173913043478,3.26086956521739,7.60869565217391,28.2608695652174,1.08695652173913,59.7826086956522,7.60869565217391,23.9130434782609,27.1739130434783,1.08695652173913
"E00033690",155,8,33,104,10,84,4,8,65,7,71,4,25,39,3,5.16129032258065,21.2903225806452,67.0967741935484,6.45161290322581,54.1935483870968,2.58064516129032,5.16129032258065,41.9354838709677,4.51612903225806,45.8064516129032,2.58064516129032,16.1290322580645,25.1612903225806,1.93548387096774
"E00033691",104,7,17,72,8,53,3,2,42,6,51,4,15,30,2,6.73076923076923,16.3461538461538,69.2307692307692,7.69230769230769,50.9615384615385,2.88461538461538,1.92307692307692,40.3846153846154,5.76923076923077,49.0384615384615,3.84615384615385,14.4230769230769,28.8461538461538,1.92307692307692
"E00033692",224,12,17,144,51,137,1,7,90,39,87,11,10,54,12,5.35714285714286,7.58928571428571,64.2857142857143,22.7678571428571,61.1607142857143,0.446428571428571,3.125,40.1785714285714,17.4107142857143,38.8392857142857,4.91071428571429,4.46428571428571,24.1071428571429,5.35714285714286
"E00033694",46,6,14,23,3,20,3,3,11,3,26,3,11,12,0,13.0434782608696,30.4347826086957,50,6.52173913043478,43.4782608695652,6.52173913043478,6.52173913043478,23.9130434782609,6.52173913043478,56.5217391304348,6.52173913043478,23.9130434782609,26.0869565217391,0
"E00033695",111,8,39,59,5,48,2,11,31,4,63,6,28,28,1,7.20720720720721,35.1351351351351,53.1531531531532,4.5045045045045,43.2432432432432,1.8018018018018,9.90990990990991,27.9279279279279,3.6036036036036,56.7567567567568,5.40540540540541,25.2252252252252,25.2252252252252,0.900900900900901
"E00033696",169,8,50,103,8,78,2,9,59,8,91,6,41,44,0,4.73372781065089,29.585798816568,60.9467455621302,4.73372781065089,46.1538461538462,1.18343195266272,5.32544378698225,34.9112426035503,4.73372781065089,53.8461538461538,3.55029585798817,24.2603550295858,26.0355029585799,0
"E00033697",135,9,27,91,8,66,4,7,48,7,69,5,20,43,1,6.66666666666667,20,67.4074074074074,5.92592592592593,48.8888888888889,2.96296296296296,5.18518518518519,35.5555555555556,5.18518518518519,51.1111111111111,3.7037037037037,14.8148148148148,31.8518518518519,0.740740740740741
"E00033698",151,12,33,89,17,76,7,10,44,15,75,5,23,45,2,7.94701986754967,21.8543046357616,58.9403973509934,11.2582781456954,50.3311258278146,4.63576158940397,6.62251655629139,29.1390728476821,9.93377483443709,49.6688741721854,3.3112582781457,15.2317880794702,29.8013245033113,1.32450331125828
"E00033699",177,11,41,111,14,84,2,9,63,10,93,9,32,48,4,6.21468926553672,23.1638418079096,62.7118644067797,7.90960451977401,47.4576271186441,1.12994350282486,5.08474576271187,35.5932203389831,5.64971751412429,52.5423728813559,5.08474576271187,18.0790960451977,27.1186440677966,2.25988700564972
"E00033700",106,4,27,67,8,52,0,6,39,7,54,4,21,28,1,3.77358490566038,25.4716981132075,63.2075471698113,7.54716981132075,49.0566037735849,0,5.66037735849057,36.7924528301887,6.60377358490566,50.9433962264151,3.77358490566038,19.811320754717,26.4150943396226,0.943396226415094
"E00033701",201,19,41,121,20,106,9,11,70,16,95,10,30,51,4,9.45273631840796,20.3980099502488,60.1990049751244,9.95024875621891,52.7363184079602,4.47761194029851,5.4726368159204,34.8258706467662,7.96019900497512,47.2636815920398,4.97512437810945,14.9253731343284,25.3731343283582,1.99004975124378
"E00033702",54,7,6,38,3,29,3,2,22,2,25,4,4,16,1,12.962962962963,11.1111111111111,70.3703703703704,5.55555555555556,53.7037037037037,5.55555555555556,3.7037037037037,40.7407407407407,3.7037037037037,46.2962962962963,7.40740740740741,7.40740740740741,29.6296296296296,1.85185185185185
"E00033703",77,8,22,43,4,37,0,10,24,3,40,8,12,19,1,10.3896103896104,28.5714285714286,55.8441558441558,5.19480519480519,48.0519480519481,0,12.987012987013,31.1688311688312,3.8961038961039,51.9480519480519,10.3896103896104,15.5844155844156,24.6753246753247,1.2987012987013
"E00033704",208,15,45,119,29,104,4,11,68,21,104,11,34,51,8,7.21153846153846,21.6346153846154,57.2115384615385,13.9423076923077,50,1.92307692307692,5.28846153846154,32.6923076923077,10.0961538461538,50,5.28846153846154,16.3461538461538,24.5192307692308,3.84615384615385
"E00033705",228,11,42,154,21,125,2,11,96,16,103,9,31,58,5,4.82456140350877,18.4210526315789,67.5438596491228,9.21052631578947,54.8245614035088,0.87719298245614,4.82456140350877,42.1052631578947,7.01754385964912,45.1754385964912,3.94736842105263,13.5964912280702,25.4385964912281,2.19298245614035
"E00033706",63,4,16,39,4,35,1,6,24,4,28,3,10,15,0,6.34920634920635,25.3968253968254,61.9047619047619,6.34920634920635,55.5555555555556,1.58730158730159,9.52380952380952,38.0952380952381,6.34920634920635,44.4444444444444,4.76190476190476,15.8730158730159,23.8095238095238,0
"E00033707",128,13,20,87,8,61,4,4,47,6,67,9,16,40,2,10.15625,15.625,67.96875,6.25,47.65625,3.125,3.125,36.71875,4.6875,52.34375,7.03125,12.5,31.25,1.5625
"E00033708",69,1,19,46,3,37,0,10,25,2,32,1,9,21,1,1.44927536231884,27.536231884058,66.6666666666667,4.34782608695652,53.6231884057971,0,14.4927536231884,36.231884057971,2.89855072463768,46.3768115942029,1.44927536231884,13.0434782608696,30.4347826086957,1.44927536231884
"E00033709",81,3,28,41,9,38,1,4,26,7,43,2,24,15,2,3.7037037037037,34.5679012345679,50.6172839506173,11.1111111111111,46.9135802469136,1.23456790123457,4.93827160493827,32.0987654320988,8.64197530864197,53.0864197530864,2.46913580246914,29.6296296296296,18.5185185185185,2.46913580246914
"E00033710",142,10,34,80,18,69,1,5,48,15,73,9,29,32,3,7.04225352112676,23.943661971831,56.3380281690141,12.6760563380282,48.5915492957746,0.704225352112676,3.52112676056338,33.8028169014084,10.5633802816901,51.4084507042254,6.33802816901408,20.4225352112676,22.5352112676056,2.11267605633803
"E00033711",36,5,12,18,1,18,2,5,10,1,18,3,7,8,0,13.8888888888889,33.3333333333333,50,2.77777777777778,50,5.55555555555556,13.8888888888889,27.7777777777778,2.77777777777778,50,8.33333333333333,19.4444444444444,22.2222222222222,0
"E00033712",170,14,32,102,22,87,6,9,54,18,83,8,23,48,4,8.23529411764706,18.8235294117647,60,12.9411764705882,51.1764705882353,3.52941176470588,5.29411764705882,31.7647058823529,10.5882352941176,48.8235294117647,4.70588235294118,13.5294117647059,28.2352941176471,2.35294117647059
"E00033713",144,12,30,88,14,69,5,3,50,11,75,7,27,38,3,8.33333333333333,20.8333333333333,61.1111111111111,9.72222222222222,47.9166666666667,3.47222222222222,2.08333333333333,34.7222222222222,7.63888888888889,52.0833333333333,4.86111111111111,18.75,26.3888888888889,2.08333333333333
"E00033715",184,10,38,121,15,86,4,8,64,10,98,6,30,57,5,5.43478260869565,20.6521739130435,65.7608695652174,8.15217391304348,46.7391304347826,2.17391304347826,4.34782608695652,34.7826086956522,5.43478260869565,53.2608695652174,3.26086956521739,16.304347826087,30.9782608695652,2.71739130434783
"E00033716",72,8,19,39,6,42,1,6,31,4,30,7,13,8,2,11.1111111111111,26.3888888888889,54.1666666666667,8.33333333333333,58.3333333333333,1.38888888888889,8.33333333333333,43.0555555555556,5.55555555555556,41.6666666666667,9.72222222222222,18.0555555555556,11.1111111111111,2.77777777777778
"E00033717",113,15,22,66,10,54,3,7,36,8,59,12,15,30,2,13.2743362831858,19.4690265486726,58.4070796460177,8.84955752212389,47.787610619469,2.65486725663717,6.19469026548673,31.858407079646,7.07964601769912,52.212389380531,10.6194690265487,13.2743362831858,26.5486725663717,1.76991150442478
"E00033718",199,12,40,128,19,102,1,10,74,17,97,11,30,54,2,6.03015075376884,20.1005025125628,64.321608040201,9.54773869346734,51.2562814070352,0.50251256281407,5.0251256281407,37.1859296482412,8.5427135678392,48.7437185929648,5.52763819095477,15.0753768844221,27.1356783919598,1.00502512562814
"E00033719",203,16,31,133,23,100,4,5,74,17,103,12,26,59,6,7.88177339901478,15.2709359605911,65.5172413793103,11.3300492610837,49.2610837438424,1.97044334975369,2.46305418719212,36.4532019704434,8.3743842364532,50.7389162561576,5.91133004926108,12.807881773399,29.064039408867,2.95566502463054
"E00033720",166,14,29,104,19,85,5,10,55,15,81,9,19,49,4,8.43373493975904,17.4698795180723,62.6506024096386,11.4457831325301,51.2048192771084,3.01204819277108,6.02409638554217,33.1325301204819,9.03614457831325,48.7951807228916,5.42168674698795,11.4457831325301,29.5180722891566,2.40963855421687
"E00033721",178,16,41,106,15,83,3,5,63,12,95,13,36,43,3,8.98876404494382,23.0337078651685,59.5505617977528,8.42696629213483,46.6292134831461,1.68539325842697,2.80898876404494,35.3932584269663,6.74157303370786,53.3707865168539,7.30337078651685,20.2247191011236,24.1573033707865,1.68539325842697
"E00033722",103,11,21,61,10,52,2,6,37,7,51,9,15,24,3,10.6796116504854,20.3883495145631,59.2233009708738,9.70873786407767,50.4854368932039,1.94174757281553,5.8252427184466,35.9223300970874,6.79611650485437,49.5145631067961,8.7378640776699,14.5631067961165,23.3009708737864,2.9126213592233
"E00033723",187,17,38,112,20,92,8,7,60,17,95,9,31,52,3,9.09090909090909,20.3208556149733,59.8930481283422,10.6951871657754,49.1978609625668,4.27807486631016,3.74331550802139,32.0855614973262,9.09090909090909,50.8021390374332,4.81283422459893,16.5775401069519,27.807486631016,1.60427807486631
"E00033724",122,5,27,76,14,62,1,7,43,11,60,4,20,33,3,4.0983606557377,22.1311475409836,62.2950819672131,11.4754098360656,50.8196721311475,0.819672131147541,5.73770491803279,35.2459016393443,9.01639344262295,49.1803278688525,3.27868852459016,16.3934426229508,27.0491803278689,2.45901639344262
"E00033725",168,9,32,106,21,81,3,7,57,14,87,6,25,49,7,5.35714285714286,19.047619047619,63.0952380952381,12.5,48.2142857142857,1.78571428571429,4.16666666666667,33.9285714285714,8.33333333333333,51.7857142857143,3.57142857142857,14.8809523809524,29.1666666666667,4.16666666666667
"E00033726",127,6,27,83,11,70,2,8,51,9,57,4,19,32,2,4.7244094488189,21.259842519685,65.3543307086614,8.66141732283465,55.1181102362205,1.5748031496063,6.2992125984252,40.1574803149606,7.08661417322835,44.8818897637795,3.1496062992126,14.9606299212598,25.1968503937008,1.5748031496063
"E00033727",107,10,28,64,5,53,2,6,41,4,54,8,22,23,1,9.34579439252336,26.1682242990654,59.8130841121495,4.67289719626168,49.5327102803738,1.86915887850467,5.60747663551402,38.3177570093458,3.73831775700935,50.4672897196262,7.47663551401869,20.5607476635514,21.4953271028037,0.934579439252336
"E00033728",271,24,51,169,27,142,7,16,96,23,129,17,35,73,4,8.85608856088561,18.8191881918819,62.3616236162362,9.96309963099631,52.3985239852399,2.5830258302583,5.90405904059041,35.4243542435424,8.48708487084871,47.6014760147601,6.27306273062731,12.9151291512915,26.9372693726937,1.4760147601476
"E00033729",109,4,17,75,13,51,2,1,39,9,58,2,16,36,4,3.6697247706422,15.5963302752294,68.8073394495413,11.9266055045872,46.7889908256881,1.8348623853211,0.917431192660551,35.7798165137615,8.25688073394496,53.2110091743119,1.8348623853211,14.6788990825688,33.0275229357798,3.6697247706422
"E00033730",138,9,36,79,14,65,2,10,41,12,73,7,26,38,2,6.52173913043478,26.0869565217391,57.2463768115942,10.1449275362319,47.1014492753623,1.44927536231884,7.2463768115942,29.7101449275362,8.69565217391304,52.8985507246377,5.07246376811594,18.8405797101449,27.536231884058,1.44927536231884
"E00033731",84,7,16,53,8,41,4,5,26,6,43,3,11,27,2,8.33333333333333,19.047619047619,63.0952380952381,9.52380952380952,48.8095238095238,4.76190476190476,5.95238095238095,30.952380952381,7.14285714285714,51.1904761904762,3.57142857142857,13.0952380952381,32.1428571428571,2.38095238095238
"E00033732",116,7,28,72,9,56,3,8,36,9,60,4,20,36,0,6.03448275862069,24.1379310344828,62.0689655172414,7.75862068965517,48.2758620689655,2.58620689655172,6.89655172413793,31.0344827586207,7.75862068965517,51.7241379310345,3.44827586206897,17.2413793103448,31.0344827586207,0
"E00033733",108,4,18,77,9,56,3,4,41,8,52,1,14,36,1,3.7037037037037,16.6666666666667,71.2962962962963,8.33333333333333,51.8518518518518,2.77777777777778,3.7037037037037,37.962962962963,7.40740740740741,48.1481481481481,0.925925925925926,12.962962962963,33.3333333333333,0.925925925925926
"E00033734",102,2,23,70,7,47,1,3,37,6,55,1,20,33,1,1.96078431372549,22.5490196078431,68.6274509803922,6.86274509803922,46.078431372549,0.980392156862745,2.94117647058824,36.2745098039216,5.88235294117647,53.921568627451,0.980392156862745,19.6078431372549,32.3529411764706,0.980392156862745
"E00033735",13,1,1,10,1,8,0,1,6,1,5,1,0,4,0,7.69230769230769,7.69230769230769,76.9230769230769,7.69230769230769,61.5384615384615,0,7.69230769230769,46.1538461538462,7.69230769230769,38.4615384615385,7.69230769230769,0,30.7692307692308,0
"E00033736",119,11,23,79,6,62,6,7,45,4,57,5,16,34,2,9.2436974789916,19.327731092437,66.3865546218487,5.04201680672269,52.1008403361345,5.04201680672269,5.88235294117647,37.8151260504202,3.36134453781513,47.8991596638655,4.20168067226891,13.4453781512605,28.5714285714286,1.68067226890756
"E00033737",183,14,38,114,17,100,3,16,68,13,83,11,22,46,4,7.65027322404372,20.7650273224044,62.2950819672131,9.2896174863388,54.6448087431694,1.63934426229508,8.7431693989071,37.1584699453552,7.10382513661202,45.3551912568306,6.01092896174863,12.0218579234973,25.1366120218579,2.18579234972678
"E00033738",48,0,15,33,0,28,0,5,23,0,20,0,10,10,0,0,31.25,68.75,0,58.3333333333333,0,10.4166666666667,47.9166666666667,0,41.6666666666667,0,20.8333333333333,20.8333333333333,0
"E00033739",104,6,31,62,5,44,3,8,29,4,60,3,23,33,1,5.76923076923077,29.8076923076923,59.6153846153846,4.80769230769231,42.3076923076923,2.88461538461538,7.69230769230769,27.8846153846154,3.84615384615385,57.6923076923077,2.88461538461538,22.1153846153846,31.7307692307692,0.961538461538462
"E00033740",146,8,25,98,15,76,3,8,54,11,70,5,17,44,4,5.47945205479452,17.1232876712329,67.1232876712329,10.2739726027397,52.0547945205479,2.05479452054794,5.47945205479452,36.986301369863,7.53424657534247,47.945205479452,3.42465753424658,11.6438356164384,30.1369863013699,2.73972602739726
"E00033741",132,9,28,81,14,64,3,3,49,9,68,6,25,32,5,6.81818181818182,21.2121212121212,61.3636363636364,10.6060606060606,48.4848484848485,2.27272727272727,2.27272727272727,37.1212121212121,6.81818181818182,51.5151515151515,4.54545454545455,18.9393939393939,24.2424242424242,3.78787878787879
"E00033742",140,7,29,100,4,63,2,6,51,4,77,5,23,49,0,5,20.7142857142857,71.4285714285714,2.85714285714286,45,1.42857142857143,4.28571428571429,36.4285714285714,2.85714285714286,55,3.57142857142857,16.4285714285714,35,0
"E00033743",121,10,26,77,8,65,3,12,44,6,56,7,14,33,2,8.26446280991736,21.4876033057851,63.6363636363636,6.61157024793388,53.7190082644628,2.47933884297521,9.91735537190083,36.3636363636364,4.95867768595041,46.2809917355372,5.78512396694215,11.5702479338843,27.2727272727273,1.65289256198347
"E00033744",142,17,32,81,12,67,6,9,46,6,75,11,23,35,6,11.9718309859155,22.5352112676056,57.0422535211268,8.45070422535211,47.1830985915493,4.22535211267606,6.33802816901408,32.3943661971831,4.22535211267606,52.8169014084507,7.74647887323944,16.1971830985916,24.6478873239437,4.22535211267606
"E00033745",49,3,10,34,2,26,1,4,19,2,23,2,6,15,0,6.12244897959184,20.4081632653061,69.3877551020408,4.08163265306122,53.0612244897959,2.04081632653061,8.16326530612245,38.7755102040816,4.08163265306122,46.9387755102041,4.08163265306122,12.2448979591837,30.6122448979592,0
"E00033746",90,4,27,53,6,48,1,5,37,5,42,3,22,16,1,4.44444444444444,30,58.8888888888889,6.66666666666667,53.3333333333333,1.11111111111111,5.55555555555556,41.1111111111111,5.55555555555556,46.6666666666667,3.33333333333333,24.4444444444444,17.7777777777778,1.11111111111111
"E00033747",136,12,33,83,8,68,2,7,52,7,68,10,26,31,1,8.82352941176471,24.2647058823529,61.0294117647059,5.88235294117647,50,1.47058823529412,5.14705882352941,38.2352941176471,5.14705882352941,50,7.35294117647059,19.1176470588235,22.7941176470588,0.735294117647059
"E00033748",112,12,23,72,5,59,4,8,43,4,53,8,15,29,1,10.7142857142857,20.5357142857143,64.2857142857143,4.46428571428571,52.6785714285714,3.57142857142857,7.14285714285714,38.3928571428571,3.57142857142857,47.3214285714286,7.14285714285714,13.3928571428571,25.8928571428571,0.892857142857143
"E00033749",130,6,25,90,9,62,1,6,48,7,68,5,19,42,2,4.61538461538462,19.2307692307692,69.2307692307692,6.92307692307692,47.6923076923077,0.769230769230769,4.61538461538462,36.9230769230769,5.38461538461539,52.3076923076923,3.84615384615385,14.6153846153846,32.3076923076923,1.53846153846154
"E00033750",200,10,35,129,26,105,3,8,74,20,95,7,27,55,6,5,17.5,64.5,13,52.5,1.5,4,37,10,47.5,3.5,13.5,27.5,3
"E00033752",177,9,31,118,19,89,3,9,63,14,88,6,22,55,5,5.08474576271187,17.5141242937853,66.6666666666667,10.7344632768362,50.2824858757062,1.69491525423729,5.08474576271187,35.5932203389831,7.90960451977401,49.7175141242938,3.38983050847458,12.4293785310734,31.0734463276836,2.82485875706215
"E00033753",138,11,29,90,8,67,3,4,56,4,71,8,25,34,4,7.97101449275362,21.0144927536232,65.2173913043478,5.79710144927536,48.5507246376812,2.17391304347826,2.89855072463768,40.5797101449275,2.89855072463768,51.4492753623188,5.79710144927536,18.1159420289855,24.6376811594203,2.89855072463768
"E00033754",155,9,36,97,13,77,5,6,55,11,78,4,30,42,2,5.80645161290323,23.2258064516129,62.5806451612903,8.38709677419355,49.6774193548387,3.2258064516129,3.87096774193548,35.4838709677419,7.09677419354839,50.3225806451613,2.58064516129032,19.3548387096774,27.0967741935484,1.29032258064516
"E00033755",173,15,39,104,15,83,6,9,55,13,90,9,30,49,2,8.67052023121387,22.5433526011561,60.1156069364162,8.67052023121387,47.9768786127168,3.46820809248555,5.20231213872832,31.7919075144509,7.51445086705202,52.0231213872832,5.20231213872832,17.3410404624277,28.3236994219653,1.15606936416185
"E00033756",176,5,44,113,14,80,1,6,65,8,96,4,38,48,6,2.84090909090909,25,64.2045454545455,7.95454545454545,45.4545454545455,0.568181818181818,3.40909090909091,36.9318181818182,4.54545454545455,54.5454545454545,2.27272727272727,21.5909090909091,27.2727272727273,3.40909090909091
"E00033758",108,7,20,73,8,54,1,5,41,7,54,6,15,32,1,6.48148148148148,18.5185185185185,67.5925925925926,7.40740740740741,50,0.925925925925926,4.62962962962963,37.962962962963,6.48148148148148,50,5.55555555555556,13.8888888888889,29.6296296296296,0.925925925925926
"E00033759",55,2,17,32,4,28,1,4,20,3,27,1,13,12,1,3.63636363636364,30.9090909090909,58.1818181818182,7.27272727272727,50.9090909090909,1.81818181818182,7.27272727272727,36.3636363636364,5.45454545454545,49.0909090909091,1.81818181818182,23.6363636363636,21.8181818181818,1.81818181818182
"E00033762",156,4,42,88,22,73,1,7,49,16,83,3,35,39,6,2.56410256410256,26.9230769230769,56.4102564102564,14.1025641025641,46.7948717948718,0.641025641025641,4.48717948717949,31.4102564102564,10.2564102564103,53.2051282051282,1.92307692307692,22.4358974358974,25,3.84615384615385
"E00033763",185,8,48,113,16,78,3,11,54,10,107,5,37,59,6,4.32432432432432,25.9459459459459,61.0810810810811,8.64864864864865,42.1621621621622,1.62162162162162,5.94594594594595,29.1891891891892,5.40540540540541,57.8378378378378,2.7027027027027,20,31.8918918918919,3.24324324324324
"E00033764",221,16,52,130,23,101,6,7,70,18,120,10,45,60,5,7.23981900452489,23.5294117647059,58.8235294117647,10.4072398190045,45.7013574660633,2.71493212669683,3.16742081447964,31.6742081447964,8.1447963800905,54.2986425339367,4.52488687782805,20.3619909502262,27.1493212669683,2.26244343891403
"E00033765",144,14,26,87,17,70,4,6,47,13,74,10,20,40,4,9.72222222222222,18.0555555555556,60.4166666666667,11.8055555555556,48.6111111111111,2.77777777777778,4.16666666666667,32.6388888888889,9.02777777777778,51.3888888888889,6.94444444444444,13.8888888888889,27.7777777777778,2.77777777777778
"E00033766",210,18,53,121,18,103,3,15,72,13,107,15,38,49,5,8.57142857142857,25.2380952380952,57.6190476190476,8.57142857142857,49.047619047619,1.42857142857143,7.14285714285714,34.2857142857143,6.19047619047619,50.9523809523809,7.14285714285714,18.0952380952381,23.3333333333333,2.38095238095238
"E00033767",152,12,25,97,18,74,1,6,52,15,78,11,19,45,3,7.89473684210526,16.4473684210526,63.8157894736842,11.8421052631579,48.6842105263158,0.657894736842105,3.94736842105263,34.2105263157895,9.86842105263158,51.3157894736842,7.23684210526316,12.5,29.6052631578947,1.97368421052632
"E00033768",155,21,25,94,15,78,9,6,53,10,77,12,19,41,5,13.5483870967742,16.1290322580645,60.6451612903226,9.67741935483871,50.3225806451613,5.80645161290323,3.87096774193548,34.1935483870968,6.45161290322581,49.6774193548387,7.74193548387097,12.258064516129,26.4516129032258,3.2258064516129
"E00033769",55,4,6,44,1,29,0,1,28,0,26,4,5,16,1,7.27272727272727,10.9090909090909,80,1.81818181818182,52.7272727272727,0,1.81818181818182,50.9090909090909,0,47.2727272727273,7.27272727272727,9.09090909090909,29.0909090909091,1.81818181818182
"E00033770",244,23,46,153,22,128,7,9,95,17,116,16,37,58,5,9.42622950819672,18.8524590163934,62.7049180327869,9.01639344262295,52.4590163934426,2.86885245901639,3.68852459016393,38.9344262295082,6.9672131147541,47.5409836065574,6.55737704918033,15.1639344262295,23.7704918032787,2.04918032786885
"E00033771",204,8,49,119,28,98,3,5,73,17,106,5,44,46,11,3.92156862745098,24.0196078431373,58.3333333333333,13.7254901960784,48.0392156862745,1.47058823529412,2.45098039215686,35.7843137254902,8.33333333333333,51.9607843137255,2.45098039215686,21.5686274509804,22.5490196078431,5.3921568627451
"E00033773",130,9,30,83,8,67,3,6,54,4,63,6,24,29,4,6.92307692307692,23.0769230769231,63.8461538461538,6.15384615384615,51.5384615384615,2.30769230769231,4.61538461538462,41.5384615384615,3.07692307692308,48.4615384615385,4.61538461538462,18.4615384615385,22.3076923076923,3.07692307692308
"E00033774",159,10,32,98,19,75,2,6,51,16,84,8,26,47,3,6.28930817610063,20.125786163522,61.6352201257862,11.9496855345912,47.1698113207547,1.25786163522013,3.77358490566038,32.0754716981132,10.062893081761,52.8301886792453,5.0314465408805,16.3522012578616,29.559748427673,1.88679245283019
"E00033775",165,11,41,98,15,70,2,10,47,11,95,9,31,51,4,6.66666666666667,24.8484848484848,59.3939393939394,9.09090909090909,42.4242424242424,1.21212121212121,6.06060606060606,28.4848484848485,6.66666666666667,57.5757575757576,5.45454545454545,18.7878787878788,30.9090909090909,2.42424242424242
"E00033776",90,9,23,51,7,44,4,5,30,5,46,5,18,21,2,10,25.5555555555556,56.6666666666667,7.77777777777778,48.8888888888889,4.44444444444444,5.55555555555556,33.3333333333333,5.55555555555556,51.1111111111111,5.55555555555556,20,23.3333333333333,2.22222222222222
"E00033777",130,7,25,78,20,62,2,7,39,14,68,5,18,39,6,5.38461538461539,19.2307692307692,60,15.3846153846154,47.6923076923077,1.53846153846154,5.38461538461539,30,10.7692307692308,52.3076923076923,3.84615384615385,13.8461538461538,30,4.61538461538462
"E00033778",193,13,40,122,18,97,7,9,67,14,96,6,31,55,4,6.73575129533679,20.7253886010363,63.2124352331606,9.32642487046632,50.259067357513,3.62694300518135,4.66321243523316,34.7150259067358,7.25388601036269,49.740932642487,3.10880829015544,16.0621761658031,28.4974093264249,2.07253886010363
"E00033779",91,9,28,52,2,47,6,11,28,2,44,3,17,24,0,9.89010989010989,30.7692307692308,57.1428571428571,2.1978021978022,51.6483516483517,6.59340659340659,12.0879120879121,30.7692307692308,2.1978021978022,48.3516483516484,3.2967032967033,18.6813186813187,26.3736263736264,0
"E00033780",131,15,25,81,10,67,4,6,49,8,64,11,19,32,2,11.4503816793893,19.0839694656489,61.8320610687023,7.63358778625954,51.1450381679389,3.05343511450382,4.58015267175572,37.4045801526718,6.10687022900763,48.8549618320611,8.3969465648855,14.5038167938931,24.4274809160305,1.52671755725191
"E00033781",140,8,32,89,11,74,2,9,54,9,66,6,23,35,2,5.71428571428571,22.8571428571429,63.5714285714286,7.85714285714286,52.8571428571429,1.42857142857143,6.42857142857143,38.5714285714286,6.42857142857143,47.1428571428571,4.28571428571429,16.4285714285714,25,1.42857142857143
"E00033782",145,13,24,94,14,73,6,5,50,12,72,7,19,44,2,8.96551724137931,16.551724137931,64.8275862068965,9.6551724137931,50.3448275862069,4.13793103448276,3.44827586206897,34.4827586206897,8.27586206896552,49.6551724137931,4.82758620689655,13.1034482758621,30.3448275862069,1.37931034482759
"E00033783",149,8,29,96,16,82,5,5,58,14,67,3,24,38,2,5.36912751677852,19.4630872483221,64.4295302013423,10.738255033557,55.0335570469799,3.35570469798658,3.35570469798658,38.9261744966443,9.39597315436242,44.9664429530201,2.01342281879195,16.1073825503356,25.503355704698,1.34228187919463
"E00033784",184,14,42,110,18,91,4,8,66,13,93,10,34,44,5,7.60869565217391,22.8260869565217,59.7826086956522,9.78260869565217,49.4565217391304,2.17391304347826,4.34782608695652,35.8695652173913,7.06521739130435,50.5434782608696,5.43478260869565,18.4782608695652,23.9130434782609,2.71739130434783
"E00033785",156,11,34,102,9,76,4,11,54,7,80,7,23,48,2,7.05128205128205,21.7948717948718,65.3846153846154,5.76923076923077,48.7179487179487,2.56410256410256,7.05128205128205,34.6153846153846,4.48717948717949,51.2820512820513,4.48717948717949,14.7435897435897,30.7692307692308,1.28205128205128
"E00033786",255,13,45,164,33,131,3,11,91,26,124,10,34,73,7,5.09803921568627,17.6470588235294,64.3137254901961,12.9411764705882,51.3725490196078,1.17647058823529,4.31372549019608,35.6862745098039,10.1960784313725,48.6274509803922,3.92156862745098,13.3333333333333,28.6274509803922,2.74509803921569
"E00033787",198,16,49,114,19,92,5,11,62,14,106,11,38,52,5,8.08080808080808,24.7474747474747,57.5757575757576,9.5959595959596,46.4646464646465,2.52525252525253,5.55555555555556,31.3131313131313,7.07070707070707,53.5353535353535,5.55555555555556,19.1919191919192,26.2626262626263,2.52525252525253
"E00033788",170,13,29,112,16,84,2,5,66,11,86,11,24,46,5,7.64705882352941,17.0588235294118,65.8823529411765,9.41176470588235,49.4117647058824,1.17647058823529,2.94117647058824,38.8235294117647,6.47058823529412,50.5882352941176,6.47058823529412,14.1176470588235,27.0588235294118,2.94117647058824
"E00033789",160,11,32,101,16,78,4,4,59,11,82,7,28,42,5,6.875,20,63.125,10,48.75,2.5,2.5,36.875,6.875,51.25,4.375,17.5,26.25,3.125
"E00033790",160,15,35,91,19,83,5,8,55,15,77,10,27,36,4,9.375,21.875,56.875,11.875,51.875,3.125,5,34.375,9.375,48.125,6.25,16.875,22.5,2.5
"E00033791",113,8,36,66,3,47,1,5,38,3,66,7,31,28,0,7.07964601769912,31.858407079646,58.4070796460177,2.65486725663717,41.5929203539823,0.884955752212389,4.42477876106195,33.6283185840708,2.65486725663717,58.4070796460177,6.19469026548673,27.4336283185841,24.7787610619469,0
"E00033792",117,5,31,69,12,54,0,7,39,8,63,5,24,30,4,4.27350427350427,26.4957264957265,58.974358974359,10.2564102564103,46.1538461538462,0,5.98290598290598,33.3333333333333,6.83760683760684,53.8461538461538,4.27350427350427,20.5128205128205,25.6410256410256,3.41880341880342
"E00033793",104,9,33,55,7,55,4,14,31,6,49,5,19,24,1,8.65384615384615,31.7307692307692,52.8846153846154,6.73076923076923,52.8846153846154,3.84615384615385,13.4615384615385,29.8076923076923,5.76923076923077,47.1153846153846,4.80769230769231,18.2692307692308,23.0769230769231,0.961538461538462
"E00033794",85,5,30,44,6,38,0,6,26,6,47,5,24,18,0,5.88235294117647,35.2941176470588,51.7647058823529,7.05882352941176,44.7058823529412,0,7.05882352941176,30.5882352941176,7.05882352941176,55.2941176470588,5.88235294117647,28.2352941176471,21.1764705882353,0
"E00033795",131,9,29,83,10,56,4,5,43,4,75,5,24,40,6,6.87022900763359,22.1374045801527,63.3587786259542,7.63358778625954,42.7480916030534,3.05343511450382,3.81679389312977,32.824427480916,3.05343511450382,57.2519083969466,3.81679389312977,18.3206106870229,30.5343511450382,4.58015267175572
"E00033796",85,5,25,48,7,46,1,8,31,6,39,4,17,17,1,5.88235294117647,29.4117647058824,56.4705882352941,8.23529411764706,54.1176470588235,1.17647058823529,9.41176470588235,36.4705882352941,7.05882352941176,45.8823529411765,4.70588235294118,20,20,1.17647058823529
"E00033797",88,5,21,51,11,45,0,3,33,9,43,5,18,18,2,5.68181818181818,23.8636363636364,57.9545454545455,12.5,51.1363636363636,0,3.40909090909091,37.5,10.2272727272727,48.8636363636364,5.68181818181818,20.4545454545455,20.4545454545455,2.27272727272727
"E00033798",190,23,43,95,29,93,10,7,50,26,97,13,36,45,3,12.1052631578947,22.6315789473684,50,15.2631578947368,48.9473684210526,5.26315789473684,3.68421052631579,26.3157894736842,13.6842105263158,51.0526315789474,6.8421052631579,18.9473684210526,23.6842105263158,1.57894736842105
"E00033799",103,8,33,58,4,53,2,7,41,3,50,6,26,17,1,7.76699029126214,32.0388349514563,56.3106796116505,3.88349514563107,51.4563106796116,1.94174757281553,6.79611650485437,39.8058252427184,2.9126213592233,48.5436893203884,5.8252427184466,25.2427184466019,16.504854368932,0.970873786407767
"E00033800",109,3,27,67,12,52,1,4,37,10,57,2,23,30,2,2.75229357798165,24.7706422018349,61.4678899082569,11.0091743119266,47.7064220183486,0.917431192660551,3.6697247706422,33.9449541284404,9.1743119266055,52.2935779816514,1.8348623853211,21.1009174311927,27.5229357798165,1.8348623853211
"E00033801",76,5,25,39,7,34,2,5,22,5,42,3,20,17,2,6.57894736842105,32.8947368421053,51.3157894736842,9.21052631578947,44.7368421052632,2.63157894736842,6.57894736842105,28.9473684210526,6.57894736842105,55.2631578947368,3.94736842105263,26.3157894736842,22.3684210526316,2.63157894736842
"E00033802",68,2,18,47,1,38,1,7,29,1,30,1,11,18,0,2.94117647058824,26.4705882352941,69.1176470588235,1.47058823529412,55.8823529411765,1.47058823529412,10.2941176470588,42.6470588235294,1.47058823529412,44.1176470588235,1.47058823529412,16.1764705882353,26.4705882352941,0
"E00033803",111,13,32,61,5,48,4,5,34,5,63,9,27,27,0,11.7117117117117,28.8288288288288,54.954954954955,4.5045045045045,43.2432432432432,3.6036036036036,4.5045045045045,30.6306306306306,4.5045045045045,56.7567567567568,8.10810810810811,24.3243243243243,24.3243243243243,0
"E00033804",86,8,23,49,6,43,4,6,28,5,43,4,17,21,1,9.30232558139535,26.7441860465116,56.9767441860465,6.97674418604651,50,4.65116279069767,6.97674418604651,32.5581395348837,5.81395348837209,50,4.65116279069767,19.7674418604651,24.4186046511628,1.16279069767442
"E00033805",50,2,19,28,1,22,1,3,17,1,28,1,16,11,0,4,38,56,2,44,2,6,34,2,56,2,32,22,0
"E00033806",109,7,16,74,12,64,6,7,42,9,45,1,9,32,3,6.42201834862385,14.6788990825688,67.8899082568807,11.0091743119266,58.7155963302752,5.5045871559633,6.42201834862385,38.5321100917431,8.25688073394496,41.2844036697248,0.917431192660551,8.25688073394496,29.3577981651376,2.75229357798165
"E00033807",159,27,36,85,11,85,10,16,50,9,74,17,20,35,2,16.9811320754717,22.6415094339623,53.4591194968553,6.91823899371069,53.4591194968553,6.28930817610063,10.062893081761,31.4465408805031,5.66037735849057,46.5408805031447,10.6918238993711,12.5786163522013,22.0125786163522,1.25786163522013
"E00033808",45,6,20,13,6,29,4,9,11,5,16,2,11,2,1,13.3333333333333,44.4444444444444,28.8888888888889,13.3333333333333,64.4444444444444,8.88888888888889,20,24.4444444444444,11.1111111111111,35.5555555555556,4.44444444444444,24.4444444444444,4.44444444444444,2.22222222222222
"E00033810",74,8,22,30,14,46,5,9,21,11,28,3,13,9,3,10.8108108108108,29.7297297297297,40.5405405405405,18.9189189189189,62.1621621621622,6.75675675675676,12.1621621621622,28.3783783783784,14.8648648648649,37.8378378378378,4.05405405405405,17.5675675675676,12.1621621621622,4.05405405405405
"E00033811",109,15,35,44,15,63,6,17,27,13,46,9,18,17,2,13.7614678899083,32.1100917431193,40.3669724770642,13.7614678899083,57.7981651376147,5.5045871559633,15.5963302752294,24.7706422018349,11.9266055045872,42.2018348623853,8.25688073394496,16.5137614678899,15.5963302752294,1.8348623853211
"E00033812",100,10,31,54,5,52,6,17,24,5,48,4,14,30,0,10,31,54,5,52,6,17,24,5,48,4,14,30,0
"E00033813",143,20,37,72,14,81,17,15,37,12,62,3,22,35,2,13.986013986014,25.8741258741259,50.3496503496504,9.79020979020979,56.6433566433566,11.8881118881119,10.4895104895105,25.8741258741259,8.39160839160839,43.3566433566434,2.0979020979021,15.3846153846154,24.4755244755245,1.3986013986014
"E00033814",78,5,36,33,4,40,3,15,18,4,38,2,21,15,0,6.41025641025641,46.1538461538462,42.3076923076923,5.12820512820513,51.2820512820513,3.84615384615385,19.2307692307692,23.0769230769231,5.12820512820513,48.7179487179487,2.56410256410256,26.9230769230769,19.2307692307692,0
"E00033815",103,14,26,53,10,57,5,17,29,6,46,9,9,24,4,13.5922330097087,25.2427184466019,51.4563106796116,9.70873786407767,55.3398058252427,4.85436893203883,16.504854368932,28.1553398058252,5.8252427184466,44.6601941747573,8.7378640776699,8.7378640776699,23.3009708737864,3.88349514563107
"E00033816",104,10,30,54,10,48,6,9,28,5,56,4,21,26,5,9.61538461538462,28.8461538461538,51.9230769230769,9.61538461538462,46.1538461538462,5.76923076923077,8.65384615384615,26.9230769230769,4.80769230769231,53.8461538461538,3.84615384615385,20.1923076923077,25,4.80769230769231
"E00033818",48,6,16,24,2,24,3,5,15,1,24,3,11,9,1,12.5,33.3333333333333,50,4.16666666666667,50,6.25,10.4166666666667,31.25,2.08333333333333,50,6.25,22.9166666666667,18.75,2.08333333333333
"E00033819",91,10,19,56,6,62,7,13,36,6,29,3,6,20,0,10.989010989011,20.8791208791209,61.5384615384615,6.59340659340659,68.1318681318681,7.69230769230769,14.2857142857143,39.5604395604396,6.59340659340659,31.8681318681319,3.2967032967033,6.59340659340659,21.978021978022,0
"E00033820",78,10,22,34,12,48,7,8,23,10,30,3,14,11,2,12.8205128205128,28.2051282051282,43.5897435897436,15.3846153846154,61.5384615384615,8.97435897435897,10.2564102564103,29.4871794871795,12.8205128205128,38.4615384615385,3.84615384615385,17.9487179487179,14.1025641025641,2.56410256410256
"E00033821",54,5,16,27,6,34,4,7,17,6,20,1,9,10,0,9.25925925925926,29.6296296296296,50,11.1111111111111,62.962962962963,7.40740740740741,12.962962962963,31.4814814814815,11.1111111111111,37.037037037037,1.85185185185185,16.6666666666667,18.5185185185185,0
"E00033822",105,10,29,60,6,53,4,13,31,5,52,6,16,29,1,9.52380952380952,27.6190476190476,57.1428571428571,5.71428571428571,50.4761904761905,3.80952380952381,12.3809523809524,29.5238095238095,4.76190476190476,49.5238095238095,5.71428571428571,15.2380952380952,27.6190476190476,0.952380952380952
"E00033823",40,4,9,20,7,23,2,3,12,6,17,2,6,8,1,10,22.5,50,17.5,57.5,5,7.5,30,15,42.5,5,15,20,2.5
"E00033824",121,17,35,62,7,61,9,11,37,4,60,8,24,25,3,14.0495867768595,28.9256198347107,51.2396694214876,5.78512396694215,50.4132231404959,7.43801652892562,9.09090909090909,30.5785123966942,3.30578512396694,49.5867768595041,6.61157024793388,19.8347107438017,20.6611570247934,2.47933884297521
"E00033825",93,8,25,52,8,51,7,11,27,6,42,1,14,25,2,8.60215053763441,26.8817204301075,55.9139784946236,8.60215053763441,54.8387096774194,7.52688172043011,11.8279569892473,29.0322580645161,6.45161290322581,45.1612903225806,1.0752688172043,15.0537634408602,26.8817204301075,2.1505376344086
"E00033826",189,17,34,113,25,78,10,10,45,13,111,7,24,68,12,8.99470899470899,17.989417989418,59.7883597883598,13.2275132275132,41.2698412698413,5.29100529100529,5.29100529100529,23.8095238095238,6.87830687830688,58.7301587301587,3.7037037037037,12.6984126984127,35.978835978836,6.34920634920635
"E00033827",121,22,27,62,10,70,9,16,37,8,51,13,11,25,2,18.1818181818182,22.3140495867769,51.2396694214876,8.26446280991736,57.8512396694215,7.43801652892562,13.2231404958678,30.5785123966942,6.61157024793388,42.1487603305785,10.7438016528926,9.09090909090909,20.6611570247934,1.65289256198347
"E00033828",103,11,28,52,12,59,7,12,29,11,44,4,16,23,1,10.6796116504854,27.1844660194175,50.4854368932039,11.6504854368932,57.2815533980583,6.79611650485437,11.6504854368932,28.1553398058252,10.6796116504854,42.7184466019417,3.88349514563107,15.5339805825243,22.3300970873786,0.970873786407767
"E00033829",110,11,21,69,9,59,7,9,36,7,51,4,12,33,2,10,19.0909090909091,62.7272727272727,8.18181818181818,53.6363636363636,6.36363636363636,8.18181818181818,32.7272727272727,6.36363636363636,46.3636363636364,3.63636363636364,10.9090909090909,30,1.81818181818182
"E00033832",137,10,19,89,19,75,4,12,48,11,62,6,7,41,8,7.2992700729927,13.8686131386861,64.963503649635,13.8686131386861,54.7445255474453,2.91970802919708,8.75912408759124,35.036496350365,8.02919708029197,45.2554744525547,4.37956204379562,5.10948905109489,29.9270072992701,5.83941605839416
"E00033833",154,16,34,83,21,105,10,28,50,17,49,6,6,33,4,10.3896103896104,22.0779220779221,53.8961038961039,13.6363636363636,68.1818181818182,6.49350649350649,18.1818181818182,32.4675324675325,11.038961038961,31.8181818181818,3.8961038961039,3.8961038961039,21.4285714285714,2.5974025974026
"E00033836",62,4,8,41,9,37,0,5,24,8,25,4,3,17,1,6.45161290322581,12.9032258064516,66.1290322580645,14.5161290322581,59.6774193548387,0,8.06451612903226,38.7096774193548,12.9032258064516,40.3225806451613,6.45161290322581,4.83870967741935,27.4193548387097,1.61290322580645
"E00033837",107,10,28,63,6,53,2,9,37,5,54,8,19,26,1,9.34579439252336,26.1682242990654,58.8785046728972,5.60747663551402,49.5327102803738,1.86915887850467,8.41121495327103,34.5794392523364,4.67289719626168,50.4672897196262,7.47663551401869,17.7570093457944,24.2990654205607,0.934579439252336
"E00033838",74,8,20,40,6,40,6,2,27,5,34,2,18,13,1,10.8108108108108,27.027027027027,54.0540540540541,8.10810810810811,54.0540540540541,8.10810810810811,2.7027027027027,36.4864864864865,6.75675675675676,45.945945945946,2.7027027027027,24.3243243243243,17.5675675675676,1.35135135135135
"E00033839",173,19,36,103,15,92,9,9,60,14,81,10,27,43,1,10.9826589595376,20.8092485549133,59.5375722543353,8.67052023121387,53.1791907514451,5.20231213872832,5.20231213872832,34.6820809248555,8.09248554913295,46.8208092485549,5.78034682080925,15.606936416185,24.8554913294798,0.578034682080925
"E00033840",131,10,19,78,24,85,2,7,54,22,46,8,12,24,2,7.63358778625954,14.5038167938931,59.5419847328244,18.3206106870229,64.8854961832061,1.52671755725191,5.34351145038168,41.2213740458015,16.793893129771,35.1145038167939,6.10687022900763,9.16030534351145,18.3206106870229,1.52671755725191
"E00033841",87,4,26,47,10,41,1,5,28,7,46,3,21,19,3,4.59770114942529,29.8850574712644,54.0229885057471,11.4942528735632,47.1264367816092,1.14942528735632,5.74712643678161,32.183908045977,8.04597701149425,52.8735632183908,3.44827586206897,24.1379310344828,21.8390804597701,3.44827586206897
"E00033842",110,21,25,50,14,69,12,12,36,9,41,9,13,14,5,19.0909090909091,22.7272727272727,45.4545454545455,12.7272727272727,62.7272727272727,10.9090909090909,10.9090909090909,32.7272727272727,8.18181818181818,37.2727272727273,8.18181818181818,11.8181818181818,12.7272727272727,4.54545454545455
"E00033843",71,4,31,32,4,37,2,16,16,3,34,2,15,16,1,5.63380281690141,43.6619718309859,45.0704225352113,5.63380281690141,52.112676056338,2.8169014084507,22.5352112676056,22.5352112676056,4.22535211267606,47.887323943662,2.8169014084507,21.1267605633803,22.5352112676056,1.40845070422535
"E00033844",58,7,18,33,0,33,3,8,22,0,25,4,10,11,0,12.0689655172414,31.0344827586207,56.8965517241379,0,56.8965517241379,5.17241379310345,13.7931034482759,37.9310344827586,0,43.1034482758621,6.89655172413793,17.2413793103448,18.9655172413793,0
"E00033845",104,12,16,58,18,70,5,10,41,14,34,7,6,17,4,11.5384615384615,15.3846153846154,55.7692307692308,17.3076923076923,67.3076923076923,4.80769230769231,9.61538461538462,39.4230769230769,13.4615384615385,32.6923076923077,6.73076923076923,5.76923076923077,16.3461538461538,3.84615384615385
"E00033846",158,25,35,86,12,85,8,21,48,8,73,17,14,38,4,15.8227848101266,22.1518987341772,54.4303797468354,7.59493670886076,53.7974683544304,5.06329113924051,13.2911392405063,30.379746835443,5.06329113924051,46.2025316455696,10.7594936708861,8.86075949367089,24.0506329113924,2.53164556962025
"E00033847",71,12,23,34,2,34,2,8,22,2,37,10,15,12,0,16.9014084507042,32.3943661971831,47.887323943662,2.8169014084507,47.887323943662,2.8169014084507,11.2676056338028,30.9859154929577,2.8169014084507,52.112676056338,14.0845070422535,21.1267605633803,16.9014084507042,0
"E00033848",206,24,35,129,18,105,6,5,81,13,101,18,30,48,5,11.6504854368932,16.9902912621359,62.621359223301,8.7378640776699,50.9708737864078,2.9126213592233,2.42718446601942,39.3203883495146,6.31067961165049,49.0291262135922,8.7378640776699,14.5631067961165,23.3009708737864,2.42718446601942
"E00033849",176,18,38,100,20,89,6,11,56,16,87,12,27,44,4,10.2272727272727,21.5909090909091,56.8181818181818,11.3636363636364,50.5681818181818,3.40909090909091,6.25,31.8181818181818,9.09090909090909,49.4318181818182,6.81818181818182,15.3409090909091,25,2.27272727272727
"E00033850",198,21,30,120,27,108,10,7,70,21,90,11,23,50,6,10.6060606060606,15.1515151515152,60.6060606060606,13.6363636363636,54.5454545454545,5.05050505050505,3.53535353535354,35.3535353535354,10.6060606060606,45.4545454545455,5.55555555555556,11.6161616161616,25.2525252525253,3.03030303030303
"E00033851",134,21,22,80,11,58,2,5,45,6,76,19,17,35,5,15.6716417910448,16.4179104477612,59.7014925373134,8.2089552238806,43.2835820895522,1.49253731343284,3.73134328358209,33.5820895522388,4.47761194029851,56.7164179104478,14.1791044776119,12.6865671641791,26.1194029850746,3.73134328358209
"E00033852",119,12,26,68,13,55,4,5,38,8,64,8,21,30,5,10.0840336134454,21.8487394957983,57.1428571428571,10.9243697478992,46.218487394958,3.36134453781513,4.20168067226891,31.9327731092437,6.72268907563025,53.781512605042,6.72268907563025,17.6470588235294,25.2100840336134,4.20168067226891
"E00033853",140,14,23,80,23,67,5,5,41,16,73,9,18,39,7,10,16.4285714285714,57.1428571428571,16.4285714285714,47.8571428571429,3.57142857142857,3.57142857142857,29.2857142857143,11.4285714285714,52.1428571428571,6.42857142857143,12.8571428571429,27.8571428571429,5
"E00033854",156,11,33,103,9,75,5,6,55,9,81,6,27,48,0,7.05128205128205,21.1538461538462,66.025641025641,5.76923076923077,48.0769230769231,3.2051282051282,3.84615384615385,35.2564102564103,5.76923076923077,51.9230769230769,3.84615384615385,17.3076923076923,30.7692307692308,0
"E00033855",75,8,17,43,7,39,4,5,25,5,36,4,12,18,2,10.6666666666667,22.6666666666667,57.3333333333333,9.33333333333333,52,5.33333333333333,6.66666666666667,33.3333333333333,6.66666666666667,48,5.33333333333333,16,24,2.66666666666667
"E00033856",58,7,11,35,5,32,3,2,23,4,26,4,9,12,1,12.0689655172414,18.9655172413793,60.3448275862069,8.62068965517241,55.1724137931034,5.17241379310345,3.44827586206897,39.6551724137931,6.89655172413793,44.8275862068966,6.89655172413793,15.5172413793103,20.6896551724138,1.72413793103448
"E00033857",127,5,32,76,14,66,2,8,43,13,61,3,24,33,1,3.93700787401575,25.1968503937008,59.8425196850394,11.0236220472441,51.9685039370079,1.5748031496063,6.2992125984252,33.8582677165354,10.2362204724409,48.0314960629921,2.36220472440945,18.8976377952756,25.9842519685039,0.78740157480315
"E00033859",126,9,25,70,22,71,4,7,43,17,55,5,18,27,5,7.14285714285714,19.8412698412698,55.5555555555556,17.4603174603175,56.3492063492063,3.17460317460317,5.55555555555556,34.1269841269841,13.4920634920635,43.6507936507937,3.96825396825397,14.2857142857143,21.4285714285714,3.96825396825397
"E00033861",168,19,31,103,15,76,5,7,57,7,92,14,24,46,8,11.3095238095238,18.452380952381,61.3095238095238,8.92857142857143,45.2380952380952,2.97619047619048,4.16666666666667,33.9285714285714,4.16666666666667,54.7619047619048,8.33333333333333,14.2857142857143,27.3809523809524,4.76190476190476
"E00033862",151,15,27,97,12,63,5,3,50,5,88,10,24,47,7,9.93377483443709,17.8807947019868,64.2384105960265,7.94701986754967,41.7218543046358,3.3112582781457,1.98675496688742,33.112582781457,3.3112582781457,58.2781456953642,6.62251655629139,15.8940397350993,31.1258278145695,4.63576158940397
"E00033863",157,15,27,100,15,73,5,4,57,7,84,10,23,43,8,9.55414012738854,17.1974522292994,63.6942675159236,9.55414012738854,46.4968152866242,3.18471337579618,2.54777070063694,36.3057324840764,4.45859872611465,53.5031847133758,6.36942675159236,14.6496815286624,27.3885350318471,5.09554140127389
"E00033864",130,7,34,74,15,68,2,12,40,14,62,5,22,34,1,5.38461538461539,26.1538461538462,56.9230769230769,11.5384615384615,52.3076923076923,1.53846153846154,9.23076923076923,30.7692307692308,10.7692307692308,47.6923076923077,3.84615384615385,16.9230769230769,26.1538461538462,0.769230769230769
"E00033865",185,19,33,121,12,88,4,9,65,10,97,15,24,56,2,10.2702702702703,17.8378378378378,65.4054054054054,6.48648648648649,47.5675675675676,2.16216216216216,4.86486486486486,35.1351351351351,5.40540540540541,52.4324324324324,8.10810810810811,12.972972972973,30.2702702702703,1.08108108108108
"E00033866",161,10,37,90,24,88,6,12,50,20,73,4,25,40,4,6.2111801242236,22.9813664596273,55.9006211180124,14.9068322981366,54.6583850931677,3.72670807453416,7.45341614906832,31.055900621118,12.4223602484472,45.3416149068323,2.48447204968944,15.527950310559,24.8447204968944,2.48447204968944
"E00033867",153,10,28,95,20,81,5,10,50,16,72,5,18,45,4,6.5359477124183,18.3006535947712,62.0915032679739,13.0718954248366,52.9411764705882,3.26797385620915,6.5359477124183,32.6797385620915,10.4575163398693,47.0588235294118,3.26797385620915,11.7647058823529,29.4117647058824,2.61437908496732
"E00033868",172,14,43,98,17,86,6,10,54,16,86,8,33,44,1,8.13953488372093,25,56.9767441860465,9.88372093023256,50,3.48837209302326,5.81395348837209,31.3953488372093,9.30232558139535,50,4.65116279069767,19.1860465116279,25.5813953488372,0.581395348837209
"E00033869",169,20,24,103,22,87,8,4,56,19,82,12,20,47,3,11.8343195266272,14.2011834319527,60.9467455621302,13.0177514792899,51.4792899408284,4.73372781065089,2.36686390532544,33.1360946745562,11.2426035502959,48.5207100591716,7.10059171597633,11.8343195266272,27.810650887574,1.77514792899408
"E00033870",65,11,13,33,8,30,3,2,18,7,35,8,11,15,1,16.9230769230769,20,50.7692307692308,12.3076923076923,46.1538461538462,4.61538461538462,3.07692307692308,27.6923076923077,10.7692307692308,53.8461538461538,12.3076923076923,16.9230769230769,23.0769230769231,1.53846153846154
"E00033871",144,10,34,88,12,66,4,3,51,8,78,6,31,37,4,6.94444444444444,23.6111111111111,61.1111111111111,8.33333333333333,45.8333333333333,2.77777777777778,2.08333333333333,35.4166666666667,5.55555555555556,54.1666666666667,4.16666666666667,21.5277777777778,25.6944444444444,2.77777777777778
"E00033872",171,12,24,122,13,91,4,7,72,8,80,8,17,50,5,7.01754385964912,14.0350877192982,71.3450292397661,7.60233918128655,53.2163742690059,2.33918128654971,4.09356725146199,42.1052631578947,4.67836257309941,46.7836257309941,4.67836257309941,9.94152046783626,29.2397660818713,2.92397660818713
"E00033873",145,12,30,88,15,75,1,8,54,12,70,11,22,34,3,8.27586206896552,20.6896551724138,60.6896551724138,10.3448275862069,51.7241379310345,0.689655172413793,5.51724137931035,37.2413793103448,8.27586206896552,48.2758620689655,7.58620689655172,15.1724137931034,23.448275862069,2.06896551724138
"E00033874",163,19,34,92,18,84,9,6,56,13,79,10,28,36,5,11.6564417177914,20.8588957055215,56.441717791411,11.0429447852761,51.5337423312883,5.52147239263804,3.68098159509202,34.3558282208589,7.97546012269939,48.4662576687117,6.13496932515337,17.1779141104294,22.0858895705521,3.06748466257669
"E00033875",150,11,37,86,16,71,4,9,46,12,79,7,28,40,4,7.33333333333333,24.6666666666667,57.3333333333333,10.6666666666667,47.3333333333333,2.66666666666667,6,30.6666666666667,8,52.6666666666667,4.66666666666667,18.6666666666667,26.6666666666667,2.66666666666667
"E00033876",135,11,27,86,11,66,3,10,44,9,69,8,17,42,2,8.14814814814815,20,63.7037037037037,8.14814814814815,48.8888888888889,2.22222222222222,7.40740740740741,32.5925925925926,6.66666666666667,51.1111111111111,5.92592592592593,12.5925925925926,31.1111111111111,1.48148148148148
"E00033877",183,18,37,114,14,93,7,8,67,11,90,11,29,47,3,9.83606557377049,20.2185792349727,62.2950819672131,7.65027322404372,50.8196721311475,3.82513661202186,4.37158469945355,36.6120218579235,6.01092896174863,49.1803278688525,6.01092896174863,15.8469945355191,25.6830601092896,1.63934426229508
"E00033878",142,11,25,89,17,69,3,1,54,11,73,8,24,35,6,7.74647887323944,17.6056338028169,62.6760563380282,11.9718309859155,48.5915492957746,2.11267605633803,0.704225352112676,38.0281690140845,7.74647887323944,51.4084507042254,5.63380281690141,16.9014084507042,24.6478873239437,4.22535211267606
"E00033879",159,13,27,104,15,78,1,3,61,13,81,12,24,43,2,8.17610062893082,16.9811320754717,65.4088050314465,9.43396226415094,49.0566037735849,0.628930817610063,1.88679245283019,38.3647798742138,8.17610062893082,50.9433962264151,7.54716981132075,15.0943396226415,27.0440251572327,1.25786163522013
"E00033880",226,16,45,143,22,114,8,12,77,17,112,8,33,66,5,7.07964601769912,19.9115044247788,63.2743362831858,9.73451327433628,50.4424778761062,3.53982300884956,5.30973451327434,34.070796460177,7.52212389380531,49.5575221238938,3.53982300884956,14.6017699115044,29.2035398230088,2.21238938053097
"E00033881",169,10,35,107,17,84,2,9,61,12,85,8,26,46,5,5.91715976331361,20.7100591715976,63.3136094674556,10.0591715976331,49.7041420118343,1.18343195266272,5.32544378698225,36.094674556213,7.10059171597633,50.2958579881657,4.73372781065089,15.3846153846154,27.2189349112426,2.9585798816568
"E00033882",130,11,29,82,8,59,5,6,43,5,71,6,23,39,3,8.46153846153846,22.3076923076923,63.0769230769231,6.15384615384615,45.3846153846154,3.84615384615385,4.61538461538462,33.0769230769231,3.84615384615385,54.6153846153846,4.61538461538462,17.6923076923077,30,2.30769230769231
"E00033883",139,11,26,88,14,71,4,10,47,10,68,7,16,41,4,7.9136690647482,18.705035971223,63.3093525179856,10.0719424460432,51.0791366906475,2.87769784172662,7.19424460431655,33.8129496402878,7.19424460431655,48.9208633093525,5.03597122302158,11.5107913669065,29.4964028776978,2.87769784172662
"E00033884",155,13,32,93,17,76,5,9,52,10,79,8,23,41,7,8.38709677419355,20.6451612903226,60,10.9677419354839,49.0322580645161,3.2258064516129,5.80645161290323,33.5483870967742,6.45161290322581,50.9677419354839,5.16129032258065,14.8387096774194,26.4516129032258,4.51612903225806
"E00033885",258,14,38,174,32,130,6,7,92,25,128,8,31,82,7,5.42635658914729,14.7286821705426,67.4418604651163,12.4031007751938,50.3875968992248,2.32558139534884,2.71317829457364,35.6589147286822,9.68992248062016,49.6124031007752,3.10077519379845,12.015503875969,31.7829457364341,2.71317829457364
"E00033886",140,13,37,74,16,69,4,8,44,13,71,9,29,30,3,9.28571428571429,26.4285714285714,52.8571428571429,11.4285714285714,49.2857142857143,2.85714285714286,5.71428571428571,31.4285714285714,9.28571428571429,50.7142857142857,6.42857142857143,20.7142857142857,21.4285714285714,2.14285714285714
"E00033887",188,16,37,124,11,94,7,15,63,9,94,9,22,61,2,8.51063829787234,19.6808510638298,65.9574468085106,5.85106382978723,50,3.72340425531915,7.97872340425532,33.5106382978723,4.78723404255319,50,4.78723404255319,11.7021276595745,32.4468085106383,1.06382978723404
"E00033888",175,15,32,115,13,86,6,7,66,7,89,9,25,49,6,8.57142857142857,18.2857142857143,65.7142857142857,7.42857142857143,49.1428571428571,3.42857142857143,4,37.7142857142857,4,50.8571428571429,5.14285714285714,14.2857142857143,28,3.42857142857143
"E00033889",150,14,29,81,26,76,3,6,46,21,74,11,23,35,5,9.33333333333333,19.3333333333333,54,17.3333333333333,50.6666666666667,2,4,30.6666666666667,14,49.3333333333333,7.33333333333333,15.3333333333333,23.3333333333333,3.33333333333333
"E00033890",78,7,12,43,16,39,2,2,23,12,39,5,10,20,4,8.97435897435897,15.3846153846154,55.1282051282051,20.5128205128205,50,2.56410256410256,2.56410256410256,29.4871794871795,15.3846153846154,50,6.41025641025641,12.8205128205128,25.6410256410256,5.12820512820513
"E00033891",124,10,19,83,12,69,5,1,54,9,55,5,18,29,3,8.06451612903226,15.3225806451613,66.9354838709677,9.67741935483871,55.6451612903226,4.03225806451613,0.806451612903226,43.5483870967742,7.25806451612903,44.3548387096774,4.03225806451613,14.5161290322581,23.3870967741935,2.41935483870968
"E00033892",46,3,7,31,5,27,1,1,22,3,19,2,6,9,2,6.52173913043478,15.2173913043478,67.3913043478261,10.8695652173913,58.695652173913,2.17391304347826,2.17391304347826,47.8260869565217,6.52173913043478,41.304347826087,4.34782608695652,13.0434782608696,19.5652173913043,4.34782608695652
"E00033893",115,13,32,64,6,56,4,9,37,6,59,9,23,27,0,11.304347826087,27.8260869565217,55.6521739130435,5.21739130434783,48.695652173913,3.47826086956522,7.82608695652174,32.1739130434783,5.21739130434783,51.304347826087,7.82608695652174,20,23.4782608695652,0
"E00033894",154,12,30,102,10,75,4,7,59,5,79,8,23,43,5,7.79220779220779,19.4805194805195,66.2337662337662,6.49350649350649,48.7012987012987,2.5974025974026,4.54545454545455,38.3116883116883,3.24675324675325,51.2987012987013,5.19480519480519,14.9350649350649,27.9220779220779,3.24675324675325
"E00033895",128,15,21,75,17,71,8,3,47,13,57,7,18,28,4,11.71875,16.40625,58.59375,13.28125,55.46875,6.25,2.34375,36.71875,10.15625,44.53125,5.46875,14.0625,21.875,3.125
"E00033896",164,19,27,91,27,83,5,14,45,19,81,14,13,46,8,11.5853658536585,16.4634146341463,55.4878048780488,16.4634146341463,50.609756097561,3.04878048780488,8.53658536585366,27.4390243902439,11.5853658536585,49.390243902439,8.53658536585366,7.92682926829268,28.0487804878049,4.8780487804878
"E00033897",145,17,24,76,28,75,9,4,38,24,70,8,20,38,4,11.7241379310345,16.551724137931,52.4137931034483,19.3103448275862,51.7241379310345,6.20689655172414,2.75862068965517,26.2068965517241,16.551724137931,48.2758620689655,5.51724137931035,13.7931034482759,26.2068965517241,2.75862068965517
"E00033898",149,14,46,78,11,79,4,16,52,7,70,10,30,26,4,9.39597315436242,30.8724832214765,52.3489932885906,7.38255033557047,53.0201342281879,2.68456375838926,10.738255033557,34.8993288590604,4.69798657718121,46.9798657718121,6.71140939597315,20.1342281879195,17.4496644295302,2.68456375838926
"E00033899",87,4,20,57,6,50,0,12,34,4,37,4,8,23,2,4.59770114942529,22.9885057471264,65.5172413793103,6.89655172413793,57.4712643678161,0,13.7931034482759,39.0804597701149,4.59770114942529,42.5287356321839,4.59770114942529,9.19540229885057,26.4367816091954,2.29885057471264
"E00033900",75,5,25,38,7,38,2,7,23,6,37,3,18,15,1,6.66666666666667,33.3333333333333,50.6666666666667,9.33333333333333,50.6666666666667,2.66666666666667,9.33333333333333,30.6666666666667,8,49.3333333333333,4,24,20,1.33333333333333
"E00033901",126,19,32,63,12,78,7,14,48,9,48,12,18,15,3,15.0793650793651,25.3968253968254,50,9.52380952380952,61.9047619047619,5.55555555555556,11.1111111111111,38.0952380952381,7.14285714285714,38.0952380952381,9.52380952380952,14.2857142857143,11.9047619047619,2.38095238095238
"E00033902",105,12,41,45,7,51,3,17,26,5,54,9,24,19,2,11.4285714285714,39.0476190476191,42.8571428571429,6.66666666666667,48.5714285714286,2.85714285714286,16.1904761904762,24.7619047619048,4.76190476190476,51.4285714285714,8.57142857142857,22.8571428571429,18.0952380952381,1.9047619047619
"E00033903",82,10,16,47,9,46,5,7,27,7,36,5,9,20,2,12.1951219512195,19.5121951219512,57.3170731707317,10.9756097560976,56.0975609756098,6.09756097560976,8.53658536585366,32.9268292682927,8.53658536585366,43.9024390243902,6.09756097560976,10.9756097560976,24.390243902439,2.4390243902439
"E00033904",93,13,25,52,3,42,3,8,30,1,51,10,17,22,2,13.9784946236559,26.8817204301075,55.9139784946236,3.2258064516129,45.1612903225806,3.2258064516129,8.60215053763441,32.258064516129,1.0752688172043,54.8387096774194,10.752688172043,18.2795698924731,23.6559139784946,2.1505376344086
"E00033905",49,5,12,28,4,27,2,4,17,4,22,3,8,11,0,10.2040816326531,24.4897959183673,57.1428571428571,8.16326530612245,55.1020408163265,4.08163265306122,8.16326530612245,34.6938775510204,8.16326530612245,44.8979591836735,6.12244897959184,16.3265306122449,22.4489795918367,0
"E00033906",67,20,13,33,1,35,7,7,20,1,32,13,6,13,0,29.8507462686567,19.4029850746269,49.2537313432836,1.49253731343284,52.2388059701493,10.4477611940298,10.4477611940298,29.8507462686567,1.49253731343284,47.7611940298507,19.4029850746269,8.95522388059701,19.4029850746269,0
"E00033907",130,10,27,81,12,82,5,9,58,10,48,5,18,23,2,7.69230769230769,20.7692307692308,62.3076923076923,9.23076923076923,63.0769230769231,3.84615384615385,6.92307692307692,44.6153846153846,7.69230769230769,36.9230769230769,3.84615384615385,13.8461538461538,17.6923076923077,1.53846153846154
"E00033908",128,9,32,77,10,70,6,11,44,9,58,3,21,33,1,7.03125,25,60.15625,7.8125,54.6875,4.6875,8.59375,34.375,7.03125,45.3125,2.34375,16.40625,25.78125,0.78125
"E00033909",112,16,27,61,8,52,6,7,34,5,60,10,20,27,3,14.2857142857143,24.1071428571429,54.4642857142857,7.14285714285714,46.4285714285714,5.35714285714286,6.25,30.3571428571429,4.46428571428571,53.5714285714286,8.92857142857143,17.8571428571429,24.1071428571429,2.67857142857143
"E00033910",140,18,42,65,15,73,10,12,38,13,67,8,30,27,2,12.8571428571429,30,46.4285714285714,10.7142857142857,52.1428571428571,7.14285714285714,8.57142857142857,27.1428571428571,9.28571428571429,47.8571428571429,5.71428571428571,21.4285714285714,19.2857142857143,1.42857142857143
"E00033911",117,16,24,66,11,58,6,5,39,8,59,10,19,27,3,13.6752136752137,20.5128205128205,56.4102564102564,9.4017094017094,49.5726495726496,5.12820512820513,4.27350427350427,33.3333333333333,6.83760683760684,50.4273504273504,8.54700854700855,16.2393162393162,23.0769230769231,2.56410256410256
"E00033913",110,2,15,78,15,58,1,4,40,13,52,1,11,38,2,1.81818181818182,13.6363636363636,70.9090909090909,13.6363636363636,52.7272727272727,0.909090909090909,3.63636363636364,36.3636363636364,11.8181818181818,47.2727272727273,0.909090909090909,10,34.5454545454545,1.81818181818182
"E00033914",125,10,35,63,17,75,4,12,45,14,50,6,23,18,3,8,28,50.4,13.6,60,3.2,9.6,36,11.2,40,4.8,18.4,14.4,2.4
"E00033915",86,9,22,45,10,45,3,5,29,8,41,6,17,16,2,10.4651162790698,25.5813953488372,52.3255813953488,11.6279069767442,52.3255813953488,3.48837209302326,5.81395348837209,33.7209302325581,9.30232558139535,47.6744186046512,6.97674418604651,19.7674418604651,18.6046511627907,2.32558139534884
"E00033917",123,8,31,73,11,57,1,8,39,9,66,7,23,34,2,6.50406504065041,25.2032520325203,59.349593495935,8.94308943089431,46.3414634146341,0.813008130081301,6.50406504065041,31.7073170731707,7.31707317073171,53.6585365853659,5.69105691056911,18.6991869918699,27.6422764227642,1.6260162601626
"E00033918",76,7,19,43,7,39,4,6,24,5,37,3,13,19,2,9.21052631578947,25,56.578947368421,9.21052631578947,51.3157894736842,5.26315789473684,7.89473684210526,31.5789473684211,6.57894736842105,48.6842105263158,3.94736842105263,17.1052631578947,25,2.63157894736842
"E00033919",70,9,15,42,4,33,2,4,23,4,37,7,11,19,0,12.8571428571429,21.4285714285714,60,5.71428571428571,47.1428571428571,2.85714285714286,5.71428571428571,32.8571428571429,5.71428571428571,52.8571428571429,10,15.7142857142857,27.1428571428571,0
"E00033920",79,7,20,47,5,44,4,7,31,2,35,3,13,16,3,8.86075949367089,25.3164556962025,59.4936708860759,6.32911392405063,55.6962025316456,5.06329113924051,8.86075949367089,39.2405063291139,2.53164556962025,44.3037974683544,3.79746835443038,16.4556962025316,20.253164556962,3.79746835443038
"E00033921",138,6,46,80,6,79,2,30,41,6,59,4,16,39,0,4.34782608695652,33.3333333333333,57.9710144927536,4.34782608695652,57.2463768115942,1.44927536231884,21.7391304347826,29.7101449275362,4.34782608695652,42.7536231884058,2.89855072463768,11.5942028985507,28.2608695652174,0
"E00033922",172,15,44,102,11,80,7,8,56,9,92,8,36,46,2,8.72093023255814,25.5813953488372,59.3023255813954,6.3953488372093,46.5116279069767,4.06976744186047,4.65116279069767,32.5581395348837,5.23255813953488,53.4883720930233,4.65116279069767,20.9302325581395,26.7441860465116,1.16279069767442
"E00033923",79,4,19,48,8,38,0,6,26,6,41,4,13,22,2,5.06329113924051,24.0506329113924,60.7594936708861,10.126582278481,48.1012658227848,0,7.59493670886076,32.9113924050633,7.59493670886076,51.8987341772152,5.06329113924051,16.4556962025316,27.8481012658228,2.53164556962025
"E00033924",138,8,42,79,9,79,4,20,50,5,59,4,22,29,4,5.79710144927536,30.4347826086957,57.2463768115942,6.52173913043478,57.2463768115942,2.89855072463768,14.4927536231884,36.231884057971,3.6231884057971,42.7536231884058,2.89855072463768,15.9420289855072,21.0144927536232,2.89855072463768
"E00033925",77,7,15,45,10,50,3,7,33,7,27,4,8,12,3,9.09090909090909,19.4805194805195,58.4415584415584,12.987012987013,64.9350649350649,3.8961038961039,9.09090909090909,42.8571428571429,9.09090909090909,35.0649350649351,5.19480519480519,10.3896103896104,15.5844155844156,3.8961038961039
"E00033926",114,8,27,73,6,63,3,7,51,2,51,5,20,22,4,7.01754385964912,23.6842105263158,64.0350877192982,5.26315789473684,55.2631578947368,2.63157894736842,6.14035087719298,44.7368421052632,1.75438596491228,44.7368421052632,4.3859649122807,17.5438596491228,19.2982456140351,3.50877192982456
"E00033927",149,16,51,74,8,69,5,18,38,8,80,11,33,36,0,10.738255033557,34.2281879194631,49.6644295302013,5.36912751677852,46.3087248322148,3.35570469798658,12.0805369127517,25.503355704698,5.36912751677852,53.6912751677852,7.38255033557047,22.1476510067114,24.1610738255034,0
"E00033928",84,4,23,47,10,40,0,6,25,9,44,4,17,22,1,4.76190476190476,27.3809523809524,55.952380952381,11.9047619047619,47.6190476190476,0,7.14285714285714,29.7619047619048,10.7142857142857,52.3809523809524,4.76190476190476,20.2380952380952,26.1904761904762,1.19047619047619
"E00033930",97,8,33,48,8,48,4,10,28,6,49,4,23,20,2,8.24742268041237,34.020618556701,49.4845360824742,8.24742268041237,49.4845360824742,4.12371134020619,10.3092783505155,28.8659793814433,6.18556701030928,50.5154639175258,4.12371134020619,23.7113402061856,20.6185567010309,2.06185567010309
"E00033931",114,11,30,71,2,56,1,12,41,2,58,10,18,30,0,9.64912280701754,26.3157894736842,62.280701754386,1.75438596491228,49.1228070175439,0.87719298245614,10.5263157894737,35.9649122807018,1.75438596491228,50.8771929824561,8.7719298245614,15.7894736842105,26.3157894736842,0
"E00033932",123,24,30,64,5,65,10,12,41,2,58,14,18,23,3,19.5121951219512,24.390243902439,52.0325203252033,4.0650406504065,52.8455284552846,8.13008130081301,9.75609756097561,33.3333333333333,1.6260162601626,47.1544715447154,11.3821138211382,14.6341463414634,18.6991869918699,2.4390243902439
"E00033933",99,12,33,50,4,51,7,12,29,3,48,5,21,21,1,12.1212121212121,33.3333333333333,50.5050505050505,4.04040404040404,51.5151515151515,7.07070707070707,12.1212121212121,29.2929292929293,3.03030303030303,48.4848484848485,5.05050505050505,21.2121212121212,21.2121212121212,1.01010101010101
"E00033934",115,11,21,75,8,67,7,9,46,5,48,4,12,29,3,9.56521739130435,18.2608695652174,65.2173913043478,6.95652173913043,58.2608695652174,6.08695652173913,7.82608695652174,40,4.34782608695652,41.7391304347826,3.47826086956522,10.4347826086957,25.2173913043478,2.60869565217391
"E00033935",103,8,24,62,9,59,6,11,36,6,44,2,13,26,3,7.76699029126214,23.3009708737864,60.1941747572816,8.7378640776699,57.2815533980583,5.8252427184466,10.6796116504854,34.9514563106796,5.8252427184466,42.7184466019417,1.94174757281553,12.621359223301,25.2427184466019,2.9126213592233
"E00033936",92,8,21,54,9,47,6,8,29,4,45,2,13,25,5,8.69565217391304,22.8260869565217,58.695652173913,9.78260869565217,51.0869565217391,6.52173913043478,8.69565217391304,31.5217391304348,4.34782608695652,48.9130434782609,2.17391304347826,14.1304347826087,27.1739130434783,5.43478260869565
"E00033937",67,4,20,41,2,33,1,6,25,1,34,3,14,16,1,5.97014925373134,29.8507462686567,61.1940298507463,2.98507462686567,49.2537313432836,1.49253731343284,8.95522388059701,37.3134328358209,1.49253731343284,50.7462686567164,4.47761194029851,20.8955223880597,23.8805970149254,1.49253731343284
"E00033938",111,8,36,59,8,60,6,12,38,4,51,2,24,21,4,7.20720720720721,32.4324324324324,53.1531531531532,7.20720720720721,54.0540540540541,5.40540540540541,10.8108108108108,34.2342342342342,3.6036036036036,45.945945945946,1.8018018018018,21.6216216216216,18.9189189189189,3.6036036036036
"E00033939",97,11,22,59,5,56,5,9,37,5,41,6,13,22,0,11.340206185567,22.680412371134,60.8247422680412,5.15463917525773,57.7319587628866,5.15463917525773,9.27835051546392,38.1443298969072,5.15463917525773,42.2680412371134,6.18556701030928,13.4020618556701,22.680412371134,0
"E00033940",108,9,33,60,6,59,6,16,35,2,49,3,17,25,4,8.33333333333333,30.5555555555556,55.5555555555556,5.55555555555556,54.6296296296296,5.55555555555556,14.8148148148148,32.4074074074074,1.85185185185185,45.3703703703704,2.77777777777778,15.7407407407407,23.1481481481481,3.7037037037037
"E00033941",114,9,23,77,5,68,1,10,52,5,46,8,13,25,0,7.89473684210526,20.1754385964912,67.5438596491228,4.3859649122807,59.6491228070175,0.87719298245614,8.7719298245614,45.6140350877193,4.3859649122807,40.3508771929825,7.01754385964912,11.4035087719298,21.9298245614035,0
"E00033942",122,7,29,69,17,64,3,6,41,14,58,4,23,28,3,5.73770491803279,23.7704918032787,56.5573770491803,13.9344262295082,52.4590163934426,2.45901639344262,4.91803278688525,33.6065573770492,11.4754098360656,47.5409836065574,3.27868852459016,18.8524590163934,22.9508196721311,2.45901639344262
"E00033943",125,8,24,82,11,64,4,1,50,9,61,4,23,32,2,6.4,19.2,65.6,8.8,51.2,3.2,0.8,40,7.2,48.8,3.2,18.4,25.6,1.6
"E00033944",116,21,26,63,6,61,9,12,37,3,55,12,14,26,3,18.1034482758621,22.4137931034483,54.3103448275862,5.17241379310345,52.5862068965517,7.75862068965517,10.3448275862069,31.8965517241379,2.58620689655172,47.4137931034483,10.3448275862069,12.0689655172414,22.4137931034483,2.58620689655172
"E00033945",89,4,12,66,7,50,1,4,41,4,39,3,8,25,3,4.49438202247191,13.4831460674157,74.1573033707865,7.86516853932584,56.1797752808989,1.12359550561798,4.49438202247191,46.0674157303371,4.49438202247191,43.8202247191011,3.37078651685393,8.98876404494382,28.0898876404494,3.37078651685393
"E00033946",139,11,37,85,6,73,5,14,51,3,66,6,23,34,3,7.9136690647482,26.6187050359712,61.1510791366906,4.31654676258993,52.5179856115108,3.59712230215827,10.0719424460432,36.6906474820144,2.15827338129496,47.4820143884892,4.31654676258993,16.5467625899281,24.4604316546763,2.15827338129496
"E00033947",102,10,34,54,4,50,5,10,34,1,52,5,24,20,3,9.80392156862745,33.3333333333333,52.9411764705882,3.92156862745098,49.0196078431373,4.90196078431373,9.80392156862745,33.3333333333333,0.980392156862745,50.9803921568627,4.90196078431373,23.5294117647059,19.6078431372549,2.94117647058824
"E00033948",118,8,25,80,5,59,1,4,49,5,59,7,21,31,0,6.77966101694915,21.1864406779661,67.7966101694915,4.23728813559322,50,0.847457627118644,3.38983050847458,41.5254237288136,4.23728813559322,50,5.93220338983051,17.7966101694915,26.271186440678,0
"E00033949",77,7,23,44,3,31,1,6,22,2,46,6,17,22,1,9.09090909090909,29.8701298701299,57.1428571428571,3.8961038961039,40.2597402597403,1.2987012987013,7.79220779220779,28.5714285714286,2.5974025974026,59.7402597402597,7.79220779220779,22.0779220779221,28.5714285714286,1.2987012987013
"E00033950",130,9,23,86,12,67,2,4,50,11,63,7,19,36,1,6.92307692307692,17.6923076923077,66.1538461538461,9.23076923076923,51.5384615384615,1.53846153846154,3.07692307692308,38.4615384615385,8.46153846153846,48.4615384615385,5.38461538461539,14.6153846153846,27.6923076923077,0.769230769230769
"E00033951",118,12,30,68,8,58,4,8,38,8,60,8,22,30,0,10.1694915254237,25.4237288135593,57.6271186440678,6.77966101694915,49.1525423728814,3.38983050847458,6.77966101694915,32.2033898305085,6.77966101694915,50.8474576271186,6.77966101694915,18.6440677966102,25.4237288135593,0
"E00033952",194,6,53,116,19,99,2,9,73,15,95,4,44,43,4,3.09278350515464,27.319587628866,59.7938144329897,9.79381443298969,51.0309278350515,1.03092783505155,4.63917525773196,37.6288659793814,7.7319587628866,48.9690721649485,2.06185567010309,22.680412371134,22.1649484536082,2.06185567010309
"E00033953",138,18,38,74,8,65,10,9,40,6,73,8,29,34,2,13.0434782608696,27.536231884058,53.6231884057971,5.79710144927536,47.1014492753623,7.2463768115942,6.52173913043478,28.9855072463768,4.34782608695652,52.8985507246377,5.79710144927536,21.0144927536232,24.6376811594203,1.44927536231884
"E00033954",63,2,20,39,2,27,0,7,18,2,36,2,13,21,0,3.17460317460317,31.7460317460317,61.9047619047619,3.17460317460317,42.8571428571429,0,11.1111111111111,28.5714285714286,3.17460317460317,57.1428571428571,3.17460317460317,20.6349206349206,33.3333333333333,0
"E00033955",121,12,35,64,10,62,5,13,36,8,59,7,22,28,2,9.91735537190083,28.9256198347107,52.8925619834711,8.26446280991736,51.2396694214876,4.13223140495868,10.7438016528926,29.7520661157025,6.61157024793388,48.7603305785124,5.78512396694215,18.1818181818182,23.1404958677686,1.65289256198347
"E00033956",28,5,7,14,2,14,1,4,8,1,14,4,3,6,1,17.8571428571429,25,50,7.14285714285714,50,3.57142857142857,14.2857142857143,28.5714285714286,3.57142857142857,50,14.2857142857143,10.7142857142857,21.4285714285714,3.57142857142857
"E00033957",126,8,26,80,12,62,2,8,43,9,64,6,18,37,3,6.34920634920635,20.6349206349206,63.4920634920635,9.52380952380952,49.2063492063492,1.58730158730159,6.34920634920635,34.1269841269841,7.14285714285714,50.7936507936508,4.76190476190476,14.2857142857143,29.3650793650794,2.38095238095238
"E00033958",113,9,45,53,6,52,4,16,26,6,61,5,29,27,0,7.9646017699115,39.8230088495575,46.9026548672566,5.30973451327434,46.0176991150442,3.53982300884956,14.1592920353982,23.0088495575221,5.30973451327434,53.9823008849557,4.42477876106195,25.6637168141593,23.8938053097345,0
"E00033959",100,5,31,57,7,48,1,9,33,5,52,4,22,24,2,5,31,57,7,48,1,9,33,5,52,4,22,24,2
"E00033960",126,10,38,68,10,61,2,11,39,9,65,8,27,29,1,7.93650793650794,30.1587301587302,53.968253968254,7.93650793650794,48.4126984126984,1.58730158730159,8.73015873015873,30.952380952381,7.14285714285714,51.5873015873016,6.34920634920635,21.4285714285714,23.015873015873,0.793650793650794
"E00033961",115,5,28,69,13,64,0,10,45,9,51,5,18,24,4,4.34782608695652,24.3478260869565,60,11.304347826087,55.6521739130435,0,8.69565217391304,39.1304347826087,7.82608695652174,44.3478260869565,4.34782608695652,15.6521739130435,20.8695652173913,3.47826086956522
"E00033962",111,9,31,67,4,57,1,9,43,4,54,8,22,24,0,8.10810810810811,27.9279279279279,60.3603603603604,3.6036036036036,51.3513513513513,0.900900900900901,8.10810810810811,38.7387387387387,3.6036036036036,48.6486486486487,7.20720720720721,19.8198198198198,21.6216216216216,0
"E00033963",121,8,33,72,8,58,2,1,47,8,63,6,32,25,0,6.61157024793388,27.2727272727273,59.504132231405,6.61157024793388,47.9338842975207,1.65289256198347,0.826446280991736,38.8429752066116,6.61157024793388,52.0661157024793,4.95867768595041,26.4462809917355,20.6611570247934,0
"E00033964",69,4,28,31,6,37,2,9,21,5,32,2,19,10,1,5.79710144927536,40.5797101449275,44.9275362318841,8.69565217391304,53.6231884057971,2.89855072463768,13.0434782608696,30.4347826086957,7.2463768115942,46.3768115942029,2.89855072463768,27.536231884058,14.4927536231884,1.44927536231884
"E00033965",83,2,17,53,11,52,1,6,37,8,31,1,11,16,3,2.40963855421687,20.4819277108434,63.855421686747,13.2530120481928,62.6506024096386,1.20481927710843,7.2289156626506,44.578313253012,9.63855421686747,37.3493975903614,1.20481927710843,13.2530120481928,19.2771084337349,3.6144578313253
"E00033966",104,4,27,63,10,46,1,3,33,9,58,3,24,30,1,3.84615384615385,25.9615384615385,60.5769230769231,9.61538461538462,44.2307692307692,0.961538461538462,2.88461538461538,31.7307692307692,8.65384615384615,55.7692307692308,2.88461538461538,23.0769230769231,28.8461538461538,0.961538461538462
"E00033967",89,5,29,50,5,42,1,7,29,5,47,4,22,21,0,5.61797752808989,32.5842696629214,56.1797752808989,5.61797752808989,47.1910112359551,1.12359550561798,7.86516853932584,32.5842696629214,5.61797752808989,52.8089887640449,4.49438202247191,24.7191011235955,23.5955056179775,0
"E00033968",46,8,6,26,6,34,4,5,20,5,12,4,1,6,1,17.3913043478261,13.0434782608696,56.5217391304348,13.0434782608696,73.9130434782609,8.69565217391304,10.8695652173913,43.4782608695652,10.8695652173913,26.0869565217391,8.69565217391304,2.17391304347826,13.0434782608696,2.17391304347826
"E00033969",114,5,25,73,11,64,1,8,45,10,50,4,17,28,1,4.3859649122807,21.9298245614035,64.0350877192982,9.64912280701754,56.140350877193,0.87719298245614,7.01754385964912,39.4736842105263,8.7719298245614,43.859649122807,3.50877192982456,14.9122807017544,24.5614035087719,0.87719298245614
"E00033970",88,5,28,44,11,44,1,6,26,11,44,4,22,18,0,5.68181818181818,31.8181818181818,50,12.5,50,1.13636363636364,6.81818181818182,29.5454545454545,12.5,50,4.54545454545455,25,20.4545454545455,0
"E00033971",54,6,15,30,3,25,2,4,18,1,29,4,11,12,2,11.1111111111111,27.7777777777778,55.5555555555556,5.55555555555556,46.2962962962963,3.7037037037037,7.40740740740741,33.3333333333333,1.85185185185185,53.7037037037037,7.40740740740741,20.3703703703704,22.2222222222222,3.7037037037037
"E00033972",96,8,27,45,16,48,2,3,29,14,48,6,24,16,2,8.33333333333333,28.125,46.875,16.6666666666667,50,2.08333333333333,3.125,30.2083333333333,14.5833333333333,50,6.25,25,16.6666666666667,2.08333333333333
"E00033973",64,0,32,29,3,33,0,16,16,1,31,0,16,13,2,0,50,45.3125,4.6875,51.5625,0,25,25,1.5625,48.4375,0,25,20.3125,3.125
"E00033974",91,4,21,55,11,47,1,7,28,11,44,3,14,27,0,4.3956043956044,23.0769230769231,60.4395604395604,12.0879120879121,51.6483516483517,1.0989010989011,7.69230769230769,30.7692307692308,12.0879120879121,48.3516483516484,3.2967032967033,15.3846153846154,29.6703296703297,0
"E00033975",114,7,23,73,11,58,1,6,42,9,56,6,17,31,2,6.14035087719298,20.1754385964912,64.0350877192982,9.64912280701754,50.8771929824561,0.87719298245614,5.26315789473684,36.8421052631579,7.89473684210526,49.1228070175439,5.26315789473684,14.9122807017544,27.1929824561404,1.75438596491228
"E00033976",96,4,22,62,8,50,2,4,38,6,46,2,18,24,2,4.16666666666667,22.9166666666667,64.5833333333333,8.33333333333333,52.0833333333333,2.08333333333333,4.16666666666667,39.5833333333333,6.25,47.9166666666667,2.08333333333333,18.75,25,2.08333333333333
"E00033977",36,2,11,21,2,21,1,6,12,2,15,1,5,9,0,5.55555555555556,30.5555555555556,58.3333333333333,5.55555555555556,58.3333333333333,2.77777777777778,16.6666666666667,33.3333333333333,5.55555555555556,41.6666666666667,2.77777777777778,13.8888888888889,25,0
"E00033978",58,2,12,38,6,37,1,7,27,2,21,1,5,11,4,3.44827586206897,20.6896551724138,65.5172413793103,10.3448275862069,63.7931034482759,1.72413793103448,12.0689655172414,46.551724137931,3.44827586206897,36.2068965517241,1.72413793103448,8.62068965517241,18.9655172413793,6.89655172413793
"E00033979",21,2,7,11,1,7,0,0,6,1,14,2,7,5,0,9.52380952380952,33.3333333333333,52.3809523809524,4.76190476190476,33.3333333333333,0,0,28.5714285714286,4.76190476190476,66.6666666666667,9.52380952380952,33.3333333333333,23.8095238095238,0
"E00033980",76,10,20,42,4,33,3,4,23,3,43,7,16,19,1,13.1578947368421,26.3157894736842,55.2631578947368,5.26315789473684,43.421052631579,3.94736842105263,5.26315789473684,30.2631578947368,3.94736842105263,56.578947368421,9.21052631578947,21.0526315789474,25,1.31578947368421
"E00033981",23,1,11,11,0,11,0,5,6,0,12,1,6,5,0,4.34782608695652,47.8260869565217,47.8260869565217,0,47.8260869565217,0,21.7391304347826,26.0869565217391,0,52.1739130434783,4.34782608695652,26.0869565217391,21.7391304347826,0
"E00033982",35,2,12,18,3,18,0,5,11,2,17,2,7,7,1,5.71428571428571,34.2857142857143,51.4285714285714,8.57142857142857,51.4285714285714,0,14.2857142857143,31.4285714285714,5.71428571428571,48.5714285714286,5.71428571428571,20,20,2.85714285714286
"E00033983",103,9,28,61,5,55,4,11,36,4,48,5,17,25,1,8.7378640776699,27.1844660194175,59.2233009708738,4.85436893203883,53.3980582524272,3.88349514563107,10.6796116504854,34.9514563106796,3.88349514563107,46.6019417475728,4.85436893203883,16.504854368932,24.2718446601942,0.970873786407767
"E00033984",112,6,24,72,10,62,2,9,44,7,50,4,15,28,3,5.35714285714286,21.4285714285714,64.2857142857143,8.92857142857143,55.3571428571429,1.78571428571429,8.03571428571429,39.2857142857143,6.25,44.6428571428571,3.57142857142857,13.3928571428571,25,2.67857142857143
"E00033985",86,5,21,55,5,43,3,3,34,3,43,2,18,21,2,5.81395348837209,24.4186046511628,63.953488372093,5.81395348837209,50,3.48837209302326,3.48837209302326,39.5348837209302,3.48837209302326,50,2.32558139534884,20.9302325581395,24.4186046511628,2.32558139534884
"E00033986",124,11,27,79,7,60,4,4,46,6,64,7,23,33,1,8.87096774193548,21.7741935483871,63.7096774193548,5.64516129032258,48.3870967741936,3.2258064516129,3.2258064516129,37.0967741935484,4.83870967741935,51.6129032258064,5.64516129032258,18.5483870967742,26.6129032258064,0.806451612903226
"E00033987",129,6,38,73,12,61,1,10,42,8,68,5,28,31,4,4.65116279069767,29.4573643410853,56.5891472868217,9.30232558139535,47.2868217054264,0.775193798449612,7.75193798449612,32.5581395348837,6.2015503875969,52.7131782945737,3.87596899224806,21.7054263565891,24.031007751938,3.10077519379845
"E00033988",106,5,29,62,10,58,1,11,38,8,48,4,18,24,2,4.71698113207547,27.3584905660377,58.4905660377358,9.43396226415094,54.7169811320755,0.943396226415094,10.377358490566,35.8490566037736,7.54716981132075,45.2830188679245,3.77358490566038,16.9811320754717,22.6415094339623,1.88679245283019
"E00033989",99,10,17,61,11,53,3,5,37,8,46,7,12,24,3,10.1010101010101,17.1717171717172,61.6161616161616,11.1111111111111,53.5353535353535,3.03030303030303,5.05050505050505,37.3737373737374,8.08080808080808,46.4646464646465,7.07070707070707,12.1212121212121,24.2424242424242,3.03030303030303
"E00033990",159,13,26,109,11,73,4,2,58,9,86,9,24,51,2,8.17610062893082,16.3522012578616,68.5534591194968,6.91823899371069,45.9119496855346,2.51572327044025,1.25786163522013,36.4779874213836,5.66037735849057,54.0880503144654,5.66037735849057,15.0943396226415,32.0754716981132,1.25786163522013
"E00033991",139,14,29,87,9,66,2,6,49,9,73,12,23,38,0,10.0719424460432,20.863309352518,62.589928057554,6.47482014388489,47.4820143884892,1.43884892086331,4.31654676258993,35.2517985611511,6.47482014388489,52.5179856115108,8.63309352517986,16.5467625899281,27.3381294964029,0
"E00033992",88,11,31,42,4,44,1,12,28,3,44,10,19,14,1,12.5,35.2272727272727,47.7272727272727,4.54545454545455,50,1.13636363636364,13.6363636363636,31.8181818181818,3.40909090909091,50,11.3636363636364,21.5909090909091,15.9090909090909,1.13636363636364
"E00033993",158,9,40,102,7,84,1,10,66,7,74,8,30,36,0,5.69620253164557,25.3164556962025,64.5569620253165,4.43037974683544,53.1645569620253,0.632911392405063,6.32911392405063,41.7721518987342,4.43037974683544,46.8354430379747,5.06329113924051,18.9873417721519,22.7848101265823,0
"E00033994",165,13,40,105,7,76,3,5,61,7,89,10,35,44,0,7.87878787878788,24.2424242424242,63.6363636363636,4.24242424242424,46.0606060606061,1.81818181818182,3.03030303030303,36.969696969697,4.24242424242424,53.9393939393939,6.06060606060606,21.2121212121212,26.6666666666667,0
"E00033995",124,13,20,87,4,60,7,5,44,4,64,6,15,43,0,10.4838709677419,16.1290322580645,70.1612903225807,3.2258064516129,48.3870967741936,5.64516129032258,4.03225806451613,35.4838709677419,3.2258064516129,51.6129032258064,4.83870967741935,12.0967741935484,34.6774193548387,0
"E00033996",133,7,25,86,15,65,2,4,45,14,68,5,21,41,1,5.26315789473684,18.796992481203,64.6616541353383,11.2781954887218,48.8721804511278,1.50375939849624,3.00751879699248,33.8345864661654,10.5263157894737,51.1278195488722,3.7593984962406,15.7894736842105,30.8270676691729,0.75187969924812
"E00033997",150,9,42,86,13,72,2,10,51,9,78,7,32,35,4,6,28,57.3333333333333,8.66666666666667,48,1.33333333333333,6.66666666666667,34,6,52,4.66666666666667,21.3333333333333,23.3333333333333,2.66666666666667
"E00033998",103,11,33,51,8,45,1,9,27,8,58,10,24,24,0,10.6796116504854,32.0388349514563,49.5145631067961,7.76699029126214,43.6893203883495,0.970873786407767,8.7378640776699,26.2135922330097,7.76699029126214,56.3106796116505,9.70873786407767,23.3009708737864,23.3009708737864,0
"E00033999",81,11,15,49,6,40,6,3,25,6,41,5,12,24,0,13.5802469135802,18.5185185185185,60.4938271604938,7.40740740740741,49.3827160493827,7.40740740740741,3.7037037037037,30.8641975308642,7.40740740740741,50.6172839506173,6.17283950617284,14.8148148148148,29.6296296296296,0
"E00034000",102,15,30,52,5,46,1,7,33,5,56,14,23,19,0,14.7058823529412,29.4117647058824,50.9803921568627,4.90196078431373,45.0980392156863,0.980392156862745,6.86274509803922,32.3529411764706,4.90196078431373,54.9019607843137,13.7254901960784,22.5490196078431,18.6274509803922,0
"E00034001",144,9,30,95,10,74,2,11,55,6,70,7,19,40,4,6.25,20.8333333333333,65.9722222222222,6.94444444444444,51.3888888888889,1.38888888888889,7.63888888888889,38.1944444444444,4.16666666666667,48.6111111111111,4.86111111111111,13.1944444444444,27.7777777777778,2.77777777777778
"E00034002",67,4,18,42,3,29,2,3,21,3,38,2,15,21,0,5.97014925373134,26.865671641791,62.6865671641791,4.47761194029851,43.2835820895522,2.98507462686567,4.47761194029851,31.3432835820896,4.47761194029851,56.7164179104478,2.98507462686567,22.3880597014925,31.3432835820896,0
"E00034003",57,9,21,25,2,20,0,5,15,0,37,9,16,10,2,15.7894736842105,36.8421052631579,43.859649122807,3.50877192982456,35.0877192982456,0,8.7719298245614,26.3157894736842,0,64.9122807017544,15.7894736842105,28.0701754385965,17.5438596491228,3.50877192982456
"E00034004",71,11,20,36,4,37,3,10,20,4,34,8,10,16,0,15.4929577464789,28.169014084507,50.7042253521127,5.63380281690141,52.112676056338,4.22535211267606,14.0845070422535,28.169014084507,5.63380281690141,47.887323943662,11.2676056338028,14.0845070422535,22.5352112676056,0
"E00034005",123,9,21,80,13,61,0,4,47,10,62,9,17,33,3,7.31707317073171,17.0731707317073,65.0406504065041,10.5691056910569,49.5934959349593,0,3.2520325203252,38.2113821138211,8.13008130081301,50.4065040650407,7.31707317073171,13.8211382113821,26.8292682926829,2.4390243902439
"E00034006",114,6,30,67,11,57,3,7,38,9,57,3,23,29,2,5.26315789473684,26.3157894736842,58.7719298245614,9.64912280701754,50,2.63157894736842,6.14035087719298,33.3333333333333,7.89473684210526,50,2.63157894736842,20.1754385964912,25.4385964912281,1.75438596491228
"E00034007",71,4,14,48,5,35,2,2,26,5,36,2,12,22,0,5.63380281690141,19.7183098591549,67.6056338028169,7.04225352112676,49.2957746478873,2.8169014084507,2.8169014084507,36.6197183098592,7.04225352112676,50.7042253521127,2.8169014084507,16.9014084507042,30.9859154929577,0
"E00034008",140,8,29,94,9,71,3,8,54,6,69,5,21,40,3,5.71428571428571,20.7142857142857,67.1428571428571,6.42857142857143,50.7142857142857,2.14285714285714,5.71428571428571,38.5714285714286,4.28571428571429,49.2857142857143,3.57142857142857,15,28.5714285714286,2.14285714285714
"E00034009",65,2,7,53,3,35,1,3,29,2,30,1,4,24,1,3.07692307692308,10.7692307692308,81.5384615384615,4.61538461538462,53.8461538461538,1.53846153846154,4.61538461538462,44.6153846153846,3.07692307692308,46.1538461538462,1.53846153846154,6.15384615384615,36.9230769230769,1.53846153846154
"E00034010",80,15,13,48,4,36,5,1,27,3,44,10,12,21,1,18.75,16.25,60,5,45,6.25,1.25,33.75,3.75,55,12.5,15,26.25,1.25
"E00034011",193,10,37,129,17,95,2,11,69,13,98,8,26,60,4,5.18134715025907,19.1709844559585,66.839378238342,8.80829015544041,49.2227979274611,1.03626943005181,5.69948186528497,35.7512953367876,6.73575129533679,50.7772020725389,4.14507772020725,13.4715025906736,31.0880829015544,2.07253886010363
"E00034012",120,8,30,76,6,48,2,4,39,3,72,6,26,37,3,6.66666666666667,25,63.3333333333333,5,40,1.66666666666667,3.33333333333333,32.5,2.5,60,5,21.6666666666667,30.8333333333333,2.5
"E00034013",107,7,18,73,9,60,3,7,44,6,47,4,11,29,3,6.54205607476635,16.8224299065421,68.2242990654206,8.41121495327103,56.0747663551402,2.80373831775701,6.54205607476635,41.1214953271028,5.60747663551402,43.9252336448598,3.73831775700935,10.2803738317757,27.1028037383178,2.80373831775701
"E00034014",87,9,32,43,3,41,0,9,30,2,46,9,23,13,1,10.3448275862069,36.7816091954023,49.4252873563218,3.44827586206897,47.1264367816092,0,10.3448275862069,34.4827586206897,2.29885057471264,52.8735632183908,10.3448275862069,26.4367816091954,14.9425287356322,1.14942528735632
"E00034015",87,9,26,45,7,40,3,6,27,4,47,6,20,18,3,10.3448275862069,29.8850574712644,51.7241379310345,8.04597701149425,45.9770114942529,3.44827586206897,6.89655172413793,31.0344827586207,4.59770114942529,54.0229885057471,6.89655172413793,22.9885057471264,20.6896551724138,3.44827586206897
"E00034016",79,9,18,50,2,45,4,6,33,2,34,5,12,17,0,11.3924050632911,22.7848101265823,63.2911392405063,2.53164556962025,56.9620253164557,5.06329113924051,7.59493670886076,41.7721518987342,2.53164556962025,43.0379746835443,6.32911392405063,15.1898734177215,21.5189873417722,0
"E00034017",159,18,36,94,11,72,3,5,55,9,87,15,31,39,2,11.3207547169811,22.6415094339623,59.1194968553459,6.91823899371069,45.2830188679245,1.88679245283019,3.14465408805031,34.5911949685535,5.66037735849057,54.7169811320755,9.43396226415094,19.4968553459119,24.5283018867925,1.25786163522013
"E00034019",117,3,35,69,10,63,3,11,40,9,54,0,24,29,1,2.56410256410256,29.9145299145299,58.974358974359,8.54700854700855,53.8461538461538,2.56410256410256,9.4017094017094,34.1880341880342,7.69230769230769,46.1538461538462,0,20.5128205128205,24.7863247863248,0.854700854700855
"E00034020",156,12,37,90,17,74,5,7,49,13,82,7,30,41,4,7.69230769230769,23.7179487179487,57.6923076923077,10.8974358974359,47.4358974358974,3.2051282051282,4.48717948717949,31.4102564102564,8.33333333333333,52.5641025641026,4.48717948717949,19.2307692307692,26.2820512820513,2.56410256410256
"E00034021",143,14,39,79,11,73,5,12,47,9,70,9,27,32,2,9.79020979020979,27.2727272727273,55.2447552447552,7.69230769230769,51.0489510489511,3.4965034965035,8.39160839160839,32.8671328671329,6.29370629370629,48.951048951049,6.29370629370629,18.8811188811189,22.3776223776224,1.3986013986014
"E00034022",159,7,30,109,13,74,3,3,60,8,85,4,27,49,5,4.40251572327044,18.8679245283019,68.5534591194968,8.17610062893082,46.5408805031447,1.88679245283019,1.88679245283019,37.7358490566038,5.0314465408805,53.4591194968553,2.51572327044025,16.9811320754717,30.8176100628931,3.14465408805031
"E00034023",84,3,19,44,18,43,2,2,23,16,41,1,17,21,2,3.57142857142857,22.6190476190476,52.3809523809524,21.4285714285714,51.1904761904762,2.38095238095238,2.38095238095238,27.3809523809524,19.047619047619,48.8095238095238,1.19047619047619,20.2380952380952,25,2.38095238095238
"E00034024",129,3,34,84,8,64,1,10,48,5,65,2,24,36,3,2.32558139534884,26.3565891472868,65.1162790697674,6.2015503875969,49.6124031007752,0.775193798449612,7.75193798449612,37.2093023255814,3.87596899224806,50.3875968992248,1.55038759689922,18.6046511627907,27.906976744186,2.32558139534884
"E00034025",107,8,37,59,3,51,3,10,36,2,56,5,27,23,1,7.47663551401869,34.5794392523364,55.1401869158878,2.80373831775701,47.6635514018692,2.80373831775701,9.34579439252336,33.6448598130841,1.86915887850467,52.3364485981308,4.67289719626168,25.2336448598131,21.4953271028037,0.934579439252336
"E00034026",129,7,30,80,12,53,1,5,36,11,76,6,25,44,1,5.42635658914729,23.2558139534884,62.015503875969,9.30232558139535,41.0852713178295,0.775193798449612,3.87596899224806,27.906976744186,8.52713178294574,58.9147286821705,4.65116279069767,19.3798449612403,34.1085271317829,0.775193798449612
"E00034027",95,7,20,64,4,45,1,6,36,2,50,6,14,28,2,7.36842105263158,21.0526315789474,67.3684210526316,4.21052631578947,47.3684210526316,1.05263157894737,6.31578947368421,37.8947368421053,2.10526315789474,52.6315789473684,6.31578947368421,14.7368421052632,29.4736842105263,2.10526315789474
"E00034028",150,12,33,96,9,86,3,11,64,8,64,9,22,32,1,8,22,64,6,57.3333333333333,2,7.33333333333333,42.6666666666667,5.33333333333333,42.6666666666667,6,14.6666666666667,21.3333333333333,0.666666666666667
"E00034029",161,4,33,109,15,80,1,10,58,11,81,3,23,51,4,2.48447204968944,20.4968944099379,67.7018633540373,9.3167701863354,49.6894409937888,0.62111801242236,6.2111801242236,36.0248447204969,6.83229813664596,50.3105590062112,1.86335403726708,14.2857142857143,31.6770186335404,2.48447204968944
"E00034030",108,7,18,75,8,46,1,3,37,5,62,6,15,38,3,6.48148148148148,16.6666666666667,69.4444444444444,7.40740740740741,42.5925925925926,0.925925925925926,2.77777777777778,34.2592592592593,4.62962962962963,57.4074074074074,5.55555555555556,13.8888888888889,35.1851851851852,2.77777777777778
"E00034031",105,7,18,70,10,55,3,7,38,7,50,4,11,32,3,6.66666666666667,17.1428571428571,66.6666666666667,9.52380952380952,52.3809523809524,2.85714285714286,6.66666666666667,36.1904761904762,6.66666666666667,47.6190476190476,3.80952380952381,10.4761904761905,30.4761904761905,2.85714285714286
"E00034032",164,16,39,97,12,82,5,6,60,11,82,11,33,37,1,9.75609756097561,23.780487804878,59.1463414634146,7.31707317073171,50,3.04878048780488,3.65853658536585,36.5853658536585,6.70731707317073,50,6.70731707317073,20.1219512195122,22.5609756097561,0.609756097560976
"E00034033",129,12,26,83,8,61,3,5,48,5,68,9,21,35,3,9.30232558139535,20.1550387596899,64.3410852713178,6.2015503875969,47.2868217054264,2.32558139534884,3.87596899224806,37.2093023255814,3.87596899224806,52.7131782945737,6.97674418604651,16.2790697674419,27.1317829457364,2.32558139534884
"E00034034",153,10,41,91,11,76,2,17,51,6,77,8,24,40,5,6.5359477124183,26.797385620915,59.4771241830065,7.18954248366013,49.6732026143791,1.30718954248366,11.1111111111111,33.3333333333333,3.92156862745098,50.3267973856209,5.22875816993464,15.6862745098039,26.1437908496732,3.26797385620915
"E00034035",138,14,33,82,9,69,6,10,44,9,69,8,23,38,0,10.1449275362319,23.9130434782609,59.4202898550725,6.52173913043478,50,4.34782608695652,7.2463768115942,31.8840579710145,6.52173913043478,50,5.79710144927536,16.6666666666667,27.536231884058,0
"E00034036",157,15,39,94,9,82,5,11,58,8,75,10,28,36,1,9.55414012738854,24.8407643312102,59.8726114649682,5.73248407643312,52.2292993630573,3.18471337579618,7.00636942675159,36.9426751592357,5.09554140127389,47.7707006369427,6.36942675159236,17.8343949044586,22.9299363057325,0.636942675159236
"E00034037",156,11,33,105,7,79,4,5,67,3,77,7,28,38,4,7.05128205128205,21.1538461538462,67.3076923076923,4.48717948717949,50.6410256410256,2.56410256410256,3.2051282051282,42.9487179487179,1.92307692307692,49.3589743589744,4.48717948717949,17.9487179487179,24.3589743589744,2.56410256410256
"E00034038",173,11,50,98,14,96,5,19,59,13,77,6,31,39,1,6.35838150289017,28.9017341040462,56.6473988439306,8.09248554913295,55.4913294797688,2.89017341040462,10.9826589595376,34.1040462427746,7.51445086705202,44.5086705202312,3.46820809248555,17.9190751445087,22.5433526011561,0.578034682080925
"E00034039",128,1,33,86,8,52,1,7,39,5,76,0,26,47,3,0.78125,25.78125,67.1875,6.25,40.625,0.78125,5.46875,30.46875,3.90625,59.375,0,20.3125,36.71875,2.34375
"E00034040",133,4,34,88,7,69,1,12,52,4,64,3,22,36,3,3.00751879699248,25.5639097744361,66.1654135338346,5.26315789473684,51.8796992481203,0.75187969924812,9.02255639097744,39.0977443609023,3.00751879699248,48.1203007518797,2.25563909774436,16.5413533834586,27.0676691729323,2.25563909774436
"E00034041",141,14,40,77,10,69,6,12,44,7,72,8,28,33,3,9.9290780141844,28.3687943262411,54.6099290780142,7.09219858156028,48.936170212766,4.25531914893617,8.51063829787234,31.2056737588652,4.9645390070922,51.063829787234,5.67375886524823,19.8581560283688,23.4042553191489,2.12765957446809
"E00034042",147,12,40,83,12,75,3,13,51,8,72,9,27,32,4,8.16326530612245,27.2108843537415,56.4625850340136,8.16326530612245,51.0204081632653,2.04081632653061,8.84353741496599,34.6938775510204,5.4421768707483,48.9795918367347,6.12244897959184,18.3673469387755,21.7687074829932,2.72108843537415
"E00034043",127,10,27,85,5,66,5,11,45,5,61,5,16,40,0,7.8740157480315,21.259842519685,66.9291338582677,3.93700787401575,51.9685039370079,3.93700787401575,8.66141732283465,35.4330708661417,3.93700787401575,48.0314960629921,3.93700787401575,12.5984251968504,31.496062992126,0
"E00034044",145,5,39,88,13,74,3,16,45,10,71,2,23,43,3,3.44827586206897,26.8965517241379,60.6896551724138,8.96551724137931,51.0344827586207,2.06896551724138,11.0344827586207,31.0344827586207,6.89655172413793,48.9655172413793,1.37931034482759,15.8620689655172,29.6551724137931,2.06896551724138
"E00034045",132,11,37,74,10,62,4,10,40,8,70,7,27,34,2,8.33333333333333,28.030303030303,56.0606060606061,7.57575757575758,46.969696969697,3.03030303030303,7.57575757575758,30.3030303030303,6.06060606060606,53.030303030303,5.3030303030303,20.4545454545455,25.7575757575758,1.51515151515152
"E00034046",110,11,32,56,11,43,3,4,27,9,67,8,28,29,2,10,29.0909090909091,50.9090909090909,10,39.0909090909091,2.72727272727273,3.63636363636364,24.5454545454545,8.18181818181818,60.9090909090909,7.27272727272727,25.4545454545455,26.3636363636364,1.81818181818182
"E00034047",117,6,25,80,6,56,1,7,44,4,61,5,18,36,2,5.12820512820513,21.3675213675214,68.3760683760684,5.12820512820513,47.8632478632479,0.854700854700855,5.98290598290598,37.6068376068376,3.41880341880342,52.1367521367521,4.27350427350427,15.3846153846154,30.7692307692308,1.70940170940171
"E00034048",123,12,35,65,11,63,6,9,40,8,60,6,26,25,3,9.75609756097561,28.4552845528455,52.8455284552846,8.94308943089431,51.219512195122,4.8780487804878,7.31707317073171,32.520325203252,6.50406504065041,48.780487804878,4.8780487804878,21.1382113821138,20.3252032520325,2.4390243902439
"E00034049",131,4,26,92,9,64,0,4,52,8,67,4,22,40,1,3.05343511450382,19.8473282442748,70.2290076335878,6.87022900763359,48.8549618320611,0,3.05343511450382,39.6946564885496,6.10687022900763,51.1450381679389,3.05343511450382,16.793893129771,30.5343511450382,0.763358778625954
"E00034050",159,8,31,109,11,90,2,8,72,8,69,6,23,37,3,5.0314465408805,19.4968553459119,68.5534591194968,6.91823899371069,56.6037735849057,1.25786163522013,5.0314465408805,45.2830188679245,5.0314465408805,43.3962264150943,3.77358490566038,14.4654088050314,23.2704402515723,1.88679245283019
"E00034051",107,4,16,79,8,50,1,3,41,5,57,3,13,38,3,3.73831775700935,14.9532710280374,73.8317757009346,7.47663551401869,46.7289719626168,0.934579439252336,2.80373831775701,38.3177570093458,4.67289719626168,53.2710280373832,2.80373831775701,12.1495327102804,35.5140186915888,2.80373831775701
"E00034052",134,7,32,85,10,54,2,5,40,7,80,5,27,45,3,5.22388059701492,23.8805970149254,63.4328358208955,7.46268656716418,40.2985074626866,1.49253731343284,3.73134328358209,29.8507462686567,5.22388059701492,59.7014925373134,3.73134328358209,20.1492537313433,33.5820895522388,2.23880597014925
"E00034053",154,15,31,92,16,80,6,6,56,12,74,9,25,36,4,9.74025974025974,20.1298701298701,59.7402597402597,10.3896103896104,51.9480519480519,3.8961038961039,3.8961038961039,36.3636363636364,7.79220779220779,48.0519480519481,5.84415584415584,16.2337662337662,23.3766233766234,2.5974025974026
"E00034054",145,9,30,98,8,70,4,7,53,6,75,5,23,45,2,6.20689655172414,20.6896551724138,67.5862068965517,5.51724137931035,48.2758620689655,2.75862068965517,4.82758620689655,36.551724137931,4.13793103448276,51.7241379310345,3.44827586206897,15.8620689655172,31.0344827586207,1.37931034482759
"E00034055",158,16,35,98,9,87,4,12,66,5,71,12,23,32,4,10.126582278481,22.1518987341772,62.0253164556962,5.69620253164557,55.0632911392405,2.53164556962025,7.59493670886076,41.7721518987342,3.16455696202532,44.9367088607595,7.59493670886076,14.5569620253165,20.253164556962,2.53164556962025
"E00034056",97,11,32,43,11,44,2,11,25,6,53,9,21,18,5,11.340206185567,32.9896907216495,44.3298969072165,11.340206185567,45.360824742268,2.06185567010309,11.340206185567,25.7731958762887,6.18556701030928,54.639175257732,9.27835051546392,21.6494845360825,18.5567010309278,5.15463917525773
"E00034057",94,3,21,64,6,51,1,8,38,4,43,2,13,26,2,3.19148936170213,22.3404255319149,68.0851063829787,6.38297872340426,54.2553191489362,1.06382978723404,8.51063829787234,40.4255319148936,4.25531914893617,45.7446808510638,2.12765957446809,13.8297872340426,27.6595744680851,2.12765957446809
"E00034058",106,5,22,73,6,53,1,4,44,4,53,4,18,29,2,4.71698113207547,20.7547169811321,68.8679245283019,5.66037735849057,50,0.943396226415094,3.77358490566038,41.5094339622642,3.77358490566038,50,3.77358490566038,16.9811320754717,27.3584905660377,1.88679245283019
"E00034059",166,15,36,104,11,75,3,5,59,8,91,12,31,45,3,9.03614457831325,21.6867469879518,62.6506024096386,6.62650602409639,45.1807228915663,1.80722891566265,3.01204819277108,35.5421686746988,4.81927710843374,54.8192771084337,7.2289156626506,18.6746987951807,27.1084337349398,1.80722891566265
"E00034061",175,18,39,110,8,89,6,13,63,7,86,12,26,47,1,10.2857142857143,22.2857142857143,62.8571428571429,4.57142857142857,50.8571428571429,3.42857142857143,7.42857142857143,36,4,49.1428571428571,6.85714285714286,14.8571428571429,26.8571428571429,0.571428571428571
"E00034062",168,27,48,87,6,100,11,22,64,3,68,16,26,23,3,16.0714285714286,28.5714285714286,51.7857142857143,3.57142857142857,59.5238095238095,6.54761904761905,13.0952380952381,38.0952380952381,1.78571428571429,40.4761904761905,9.52380952380952,15.4761904761905,13.6904761904762,1.78571428571429
"E00034063",177,53,50,67,7,99,21,28,44,6,78,32,22,23,1,29.9435028248588,28.2485875706215,37.8531073446328,3.95480225988701,55.9322033898305,11.864406779661,15.819209039548,24.8587570621469,3.38983050847458,44.0677966101695,18.0790960451977,12.4293785310734,12.9943502824859,0.564971751412429
"E00034064",150,58,42,43,7,69,24,16,26,3,81,34,26,17,4,38.6666666666667,28,28.6666666666667,4.66666666666667,46,16,10.6666666666667,17.3333333333333,2,54,22.6666666666667,17.3333333333333,11.3333333333333,2.66666666666667
"E00034065",133,15,22,85,11,83,10,5,58,10,50,5,17,27,1,11.2781954887218,16.5413533834586,63.9097744360902,8.27067669172932,62.406015037594,7.5187969924812,3.7593984962406,43.609022556391,7.5187969924812,37.593984962406,3.7593984962406,12.781954887218,20.3007518796992,0.75187969924812
"E00034066",106,13,26,62,5,52,5,7,37,3,54,8,19,25,2,12.2641509433962,24.5283018867925,58.4905660377358,4.71698113207547,49.0566037735849,4.71698113207547,6.60377358490566,34.9056603773585,2.83018867924528,50.9433962264151,7.54716981132075,17.9245283018868,23.5849056603774,1.88679245283019
"E00034067",161,21,34,97,9,81,7,9,58,7,80,14,25,39,2,13.0434782608696,21.1180124223602,60.2484472049689,5.59006211180124,50.3105590062112,4.34782608695652,5.59006211180124,36.0248447204969,4.34782608695652,49.6894409937888,8.69565217391304,15.527950310559,24.223602484472,1.24223602484472
"E00034068",120,19,20,71,10,54,5,7,37,5,66,14,13,34,5,15.8333333333333,16.6666666666667,59.1666666666667,8.33333333333333,45,4.16666666666667,5.83333333333333,30.8333333333333,4.16666666666667,55,11.6666666666667,10.8333333333333,28.3333333333333,4.16666666666667
"E00034069",187,48,49,81,9,103,18,22,56,7,84,30,27,25,2,25.668449197861,26.2032085561497,43.3155080213904,4.81283422459893,55.0802139037433,9.62566844919786,11.7647058823529,29.9465240641711,3.74331550802139,44.9197860962567,16.0427807486631,14.4385026737968,13.3689839572193,1.06951871657754
"E00034070",136,21,36,69,10,84,14,25,40,5,52,7,11,29,5,15.4411764705882,26.4705882352941,50.7352941176471,7.35294117647059,61.7647058823529,10.2941176470588,18.3823529411765,29.4117647058824,3.67647058823529,38.2352941176471,5.14705882352941,8.08823529411765,21.3235294117647,3.67647058823529
"E00034071",174,19,41,98,16,80,5,15,49,11,94,14,26,49,5,10.9195402298851,23.5632183908046,56.3218390804598,9.19540229885057,45.9770114942529,2.8735632183908,8.62068965517241,28.1609195402299,6.32183908045977,54.0229885057471,8.04597701149425,14.9425287356322,28.1609195402299,2.8735632183908
"E00034072",94,16,22,47,9,46,5,7,26,8,48,11,15,21,1,17.0212765957447,23.4042553191489,50,9.57446808510638,48.936170212766,5.31914893617021,7.4468085106383,27.6595744680851,8.51063829787234,51.063829787234,11.7021276595745,15.9574468085106,22.3404255319149,1.06382978723404
"E00034073",131,26,39,57,9,69,9,20,32,8,62,17,19,25,1,19.8473282442748,29.7709923664122,43.5114503816794,6.87022900763359,52.6717557251908,6.87022900763359,15.2671755725191,24.4274809160305,6.10687022900763,47.3282442748092,12.9770992366412,14.5038167938931,19.0839694656489,0.763358778625954
"E00034074",159,22,31,97,9,80,12,13,48,7,79,10,18,49,2,13.8364779874214,19.4968553459119,61.0062893081761,5.66037735849057,50.314465408805,7.54716981132075,8.17610062893082,30.188679245283,4.40251572327044,49.685534591195,6.28930817610063,11.3207547169811,30.8176100628931,1.25786163522013
"E00034075",95,4,19,68,4,45,0,3,40,2,50,4,16,28,2,4.21052631578947,20,71.5789473684211,4.21052631578947,47.3684210526316,0,3.15789473684211,42.1052631578947,2.10526315789474,52.6315789473684,4.21052631578947,16.8421052631579,29.4736842105263,2.10526315789474
"E00034076",119,20,36,54,9,56,3,16,31,6,63,17,20,23,3,16.8067226890756,30.2521008403361,45.3781512605042,7.56302521008403,47.0588235294118,2.52100840336134,13.4453781512605,26.0504201680672,5.04201680672269,52.9411764705882,14.2857142857143,16.8067226890756,19.327731092437,2.52100840336134
"E00034077",102,8,23,65,6,51,2,5,43,1,51,6,18,22,5,7.84313725490196,22.5490196078431,63.7254901960784,5.88235294117647,50,1.96078431372549,4.90196078431373,42.156862745098,0.980392156862745,50,5.88235294117647,17.6470588235294,21.5686274509804,4.90196078431373
"E00034078",103,14,33,51,5,48,10,8,26,4,55,4,25,25,1,13.5922330097087,32.0388349514563,49.5145631067961,4.85436893203883,46.6019417475728,9.70873786407767,7.76699029126214,25.2427184466019,3.88349514563107,53.3980582524272,3.88349514563107,24.2718446601942,24.2718446601942,0.970873786407767
"E00034079",123,10,45,59,9,62,6,12,37,7,61,4,33,22,2,8.13008130081301,36.5853658536585,47.9674796747967,7.31707317073171,50.4065040650407,4.8780487804878,9.75609756097561,30.0813008130081,5.69105691056911,49.5934959349593,3.2520325203252,26.8292682926829,17.8861788617886,1.6260162601626
"E00034080",127,14,27,77,9,68,8,12,42,6,59,6,15,35,3,11.0236220472441,21.259842519685,60.6299212598425,7.08661417322835,53.5433070866142,6.2992125984252,9.44881889763779,33.0708661417323,4.7244094488189,46.4566929133858,4.7244094488189,11.8110236220472,27.5590551181102,2.36220472440945
"E00034081",151,19,25,91,16,88,8,18,48,14,63,11,7,43,2,12.5827814569536,16.5562913907285,60.2649006622517,10.5960264900662,58.2781456953642,5.29801324503311,11.9205298013245,31.7880794701987,9.27152317880795,41.7218543046358,7.28476821192053,4.63576158940397,28.476821192053,1.32450331125828
"E00034082",79,6,10,55,8,45,3,3,34,5,34,3,7,21,3,7.59493670886076,12.6582278481013,69.620253164557,10.126582278481,56.9620253164557,3.79746835443038,3.79746835443038,43.0379746835443,6.32911392405063,43.0379746835443,3.79746835443038,8.86075949367089,26.5822784810127,3.79746835443038
"E00034083",111,22,17,62,10,54,10,6,30,8,57,12,11,32,2,19.8198198198198,15.3153153153153,55.8558558558559,9.00900900900901,48.6486486486487,9.00900900900901,5.40540540540541,27.027027027027,7.20720720720721,51.3513513513513,10.8108108108108,9.90990990990991,28.8288288288288,1.8018018018018
"E00034084",103,21,29,44,9,60,8,13,31,8,43,13,16,13,1,20.3883495145631,28.1553398058252,42.7184466019417,8.7378640776699,58.252427184466,7.76699029126214,12.621359223301,30.0970873786408,7.76699029126214,41.747572815534,12.621359223301,15.5339805825243,12.621359223301,0.970873786407767
"E00034085",108,25,26,52,5,50,12,7,27,4,58,13,19,25,1,23.1481481481481,24.0740740740741,48.1481481481481,4.62962962962963,46.2962962962963,11.1111111111111,6.48148148148148,25,3.7037037037037,53.7037037037037,12.037037037037,17.5925925925926,23.1481481481481,0.925925925925926
"E00034086",42,5,9,26,2,21,2,3,14,2,21,3,6,12,0,11.9047619047619,21.4285714285714,61.9047619047619,4.76190476190476,50,4.76190476190476,7.14285714285714,33.3333333333333,4.76190476190476,50,7.14285714285714,14.2857142857143,28.5714285714286,0
"E00034087",91,24,21,39,7,52,10,13,23,6,39,14,8,16,1,26.3736263736264,23.0769230769231,42.8571428571429,7.69230769230769,57.1428571428571,10.989010989011,14.2857142857143,25.2747252747253,6.59340659340659,42.8571428571429,15.3846153846154,8.79120879120879,17.5824175824176,1.0989010989011
"E00034088",113,10,34,58,11,62,3,18,33,8,51,7,16,25,3,8.84955752212389,30.0884955752212,51.3274336283186,9.73451327433628,54.8672566371681,2.65486725663717,15.929203539823,29.2035398230088,7.07964601769912,45.1327433628319,6.19469026548673,14.1592920353982,22.1238938053097,2.65486725663717
"E00034089",118,24,20,67,7,49,5,9,32,3,69,19,11,35,4,20.3389830508475,16.9491525423729,56.7796610169492,5.93220338983051,41.5254237288136,4.23728813559322,7.6271186440678,27.1186440677966,2.54237288135593,58.4745762711864,16.1016949152542,9.32203389830508,29.6610169491525,3.38983050847458
"E00034090",124,24,30,65,5,67,11,14,38,4,57,13,16,27,1,19.3548387096774,24.1935483870968,52.4193548387097,4.03225806451613,54.0322580645161,8.87096774193548,11.2903225806452,30.6451612903226,3.2258064516129,45.9677419354839,10.4838709677419,12.9032258064516,21.7741935483871,0.806451612903226
"E00034091",87,23,25,32,7,48,6,14,23,5,39,17,11,9,2,26.4367816091954,28.735632183908,36.7816091954023,8.04597701149425,55.1724137931034,6.89655172413793,16.0919540229885,26.4367816091954,5.74712643678161,44.8275862068966,19.5402298850575,12.6436781609195,10.3448275862069,2.29885057471264
"E00034092",119,21,24,69,5,74,15,17,38,4,45,6,7,31,1,17.6470588235294,20.1680672268908,57.9831932773109,4.20168067226891,62.1848739495798,12.6050420168067,14.2857142857143,31.9327731092437,3.36134453781513,37.8151260504202,5.04201680672269,5.88235294117647,26.0504201680672,0.840336134453782
"E00034093",139,32,43,57,7,77,14,21,37,5,62,18,22,20,2,23.021582733813,30.9352517985612,41.0071942446043,5.03597122302158,55.3956834532374,10.0719424460432,15.1079136690647,26.6187050359712,3.59712230215827,44.6043165467626,12.9496402877698,15.8273381294964,14.3884892086331,1.43884892086331
"E00034094",183,40,44,85,14,107,17,25,55,10,76,23,19,30,4,21.8579234972678,24.0437158469945,46.448087431694,7.65027322404372,58.4699453551913,9.2896174863388,13.6612021857924,30.0546448087432,5.46448087431694,41.5300546448087,12.568306010929,10.3825136612022,16.3934426229508,2.18579234972678
"E00034095",101,12,21,62,6,48,5,9,30,4,53,7,12,32,2,11.8811881188119,20.7920792079208,61.3861386138614,5.94059405940594,47.5247524752475,4.95049504950495,8.91089108910891,29.7029702970297,3.96039603960396,52.4752475247525,6.93069306930693,11.8811881188119,31.6831683168317,1.98019801980198
"E00034096",126,34,27,58,7,65,17,10,31,7,61,17,17,27,0,26.984126984127,21.4285714285714,46.031746031746,5.55555555555556,51.5873015873016,13.4920634920635,7.93650793650794,24.6031746031746,5.55555555555556,48.4126984126984,13.4920634920635,13.4920634920635,21.4285714285714,0
"E00034097",138,33,32,65,8,64,8,13,38,5,74,25,19,27,3,23.9130434782609,23.1884057971014,47.1014492753623,5.79710144927536,46.3768115942029,5.79710144927536,9.42028985507246,27.536231884058,3.6231884057971,53.6231884057971,18.1159420289855,13.768115942029,19.5652173913043,2.17391304347826
"E00034098",141,28,23,77,13,63,3,5,47,8,78,25,18,30,5,19.8581560283688,16.3120567375887,54.6099290780142,9.21985815602837,44.6808510638298,2.12765957446809,3.54609929078014,33.3333333333333,5.67375886524823,55.3191489361702,17.7304964539007,12.7659574468085,21.2765957446809,3.54609929078014
"E00034099",128,34,23,59,12,67,13,11,36,7,61,21,12,23,5,26.5625,17.96875,46.09375,9.375,52.34375,10.15625,8.59375,28.125,5.46875,47.65625,16.40625,9.375,17.96875,3.90625
"E00034100",169,19,32,106,12,86,11,10,55,10,83,8,22,51,2,11.2426035502959,18.9349112426036,62.7218934911243,7.10059171597633,50.887573964497,6.50887573964497,5.91715976331361,32.5443786982249,5.91715976331361,49.112426035503,4.73372781065089,13.0177514792899,30.1775147928994,1.18343195266272
"E00034101",138,8,29,86,15,69,3,11,47,8,69,5,18,39,7,5.79710144927536,21.0144927536232,62.3188405797101,10.8695652173913,50,2.17391304347826,7.97101449275362,34.0579710144928,5.79710144927536,50,3.6231884057971,13.0434782608696,28.2608695652174,5.07246376811594
"E00034102",109,8,23,66,12,54,2,10,33,9,55,6,13,33,3,7.3394495412844,21.1009174311927,60.5504587155963,11.0091743119266,49.5412844036697,1.8348623853211,9.1743119266055,30.2752293577982,8.25688073394496,50.4587155963303,5.5045871559633,11.9266055045872,30.2752293577982,2.75229357798165
"E00034104",165,15,43,100,7,82,2,18,55,7,83,13,25,45,0,9.09090909090909,26.0606060606061,60.6060606060606,4.24242424242424,49.6969696969697,1.21212121212121,10.9090909090909,33.3333333333333,4.24242424242424,50.3030303030303,7.87878787878788,15.1515151515152,27.2727272727273,0
"E00034105",111,18,24,62,7,59,6,12,37,4,52,12,12,25,3,16.2162162162162,21.6216216216216,55.8558558558559,6.30630630630631,53.1531531531532,5.40540540540541,10.8108108108108,33.3333333333333,3.6036036036036,46.8468468468468,10.8108108108108,10.8108108108108,22.5225225225225,2.7027027027027
"E00034106",114,12,23,66,13,67,7,12,39,9,47,5,11,27,4,10.5263157894737,20.1754385964912,57.8947368421053,11.4035087719298,58.7719298245614,6.14035087719298,10.5263157894737,34.2105263157895,7.89473684210526,41.2280701754386,4.3859649122807,9.64912280701754,23.6842105263158,3.50877192982456
"E00034107",141,18,37,71,15,65,7,11,36,11,76,11,26,35,4,12.7659574468085,26.241134751773,50.354609929078,10.6382978723404,46.0992907801418,4.9645390070922,7.80141843971631,25.531914893617,7.80141843971631,53.9007092198582,7.80141843971631,18.4397163120567,24.822695035461,2.83687943262411
"E00034108",66,12,17,30,7,29,8,4,13,4,37,4,13,17,3,18.1818181818182,25.7575757575758,45.4545454545455,10.6060606060606,43.9393939393939,12.1212121212121,6.06060606060606,19.6969696969697,6.06060606060606,56.0606060606061,6.06060606060606,19.6969696969697,25.7575757575758,4.54545454545455
"E00034109",77,8,10,56,3,43,3,2,35,3,34,5,8,21,0,10.3896103896104,12.987012987013,72.7272727272727,3.8961038961039,55.8441558441558,3.8961038961039,2.5974025974026,45.4545454545455,3.8961038961039,44.1558441558442,6.49350649350649,10.3896103896104,27.2727272727273,0
"E00034110",167,9,38,108,12,90,4,15,61,10,77,5,23,47,2,5.38922155688623,22.7544910179641,64.6706586826347,7.18562874251497,53.8922155688623,2.39520958083832,8.98203592814371,36.5269461077844,5.98802395209581,46.1077844311377,2.9940119760479,13.7724550898204,28.1437125748503,1.19760479041916
"E00034111",92,3,34,52,3,46,1,5,38,2,46,2,29,14,1,3.26086956521739,36.9565217391304,56.5217391304348,3.26086956521739,50,1.08695652173913,5.43478260869565,41.304347826087,2.17391304347826,50,2.17391304347826,31.5217391304348,15.2173913043478,1.08695652173913
"E00034113",118,7,31,78,2,56,1,7,46,2,62,6,24,32,0,5.93220338983051,26.271186440678,66.1016949152542,1.69491525423729,47.4576271186441,0.847457627118644,5.93220338983051,38.9830508474576,1.69491525423729,52.5423728813559,5.08474576271187,20.3389830508475,27.1186440677966,0
"E00034114",115,14,34,62,5,49,2,12,31,4,66,12,22,31,1,12.1739130434783,29.5652173913043,53.9130434782609,4.34782608695652,42.6086956521739,1.73913043478261,10.4347826086957,26.9565217391304,3.47826086956522,57.3913043478261,10.4347826086957,19.1304347826087,26.9565217391304,0.869565217391304
"E00034115",117,6,30,72,9,47,3,6,31,7,70,3,24,41,2,5.12820512820513,25.6410256410256,61.5384615384615,7.69230769230769,40.1709401709402,2.56410256410256,5.12820512820513,26.4957264957265,5.98290598290598,59.8290598290598,2.56410256410256,20.5128205128205,35.042735042735,1.70940170940171
"E00034116",112,6,37,62,7,53,4,10,34,5,59,2,27,28,2,5.35714285714286,33.0357142857143,55.3571428571429,6.25,47.3214285714286,3.57142857142857,8.92857142857143,30.3571428571429,4.46428571428571,52.6785714285714,1.78571428571429,24.1071428571429,25,1.78571428571429
"E00034117",101,6,37,53,5,47,1,13,29,4,54,5,24,24,1,5.94059405940594,36.6336633663366,52.4752475247525,4.95049504950495,46.5346534653465,0.99009900990099,12.8712871287129,28.7128712871287,3.96039603960396,53.4653465346535,4.95049504950495,23.7623762376238,23.7623762376238,0.99009900990099
"E00034118",74,6,21,44,3,35,0,4,28,3,39,6,17,16,0,8.10810810810811,28.3783783783784,59.4594594594595,4.05405405405405,47.2972972972973,0,5.40540540540541,37.8378378378378,4.05405405405405,52.7027027027027,8.10810810810811,22.972972972973,21.6216216216216,0
"E00034119",121,10,32,72,7,50,2,3,41,4,71,8,29,31,3,8.26446280991736,26.4462809917355,59.504132231405,5.78512396694215,41.3223140495868,1.65289256198347,2.47933884297521,33.8842975206612,3.30578512396694,58.6776859504132,6.61157024793388,23.9669421487603,25.6198347107438,2.47933884297521
"E00034120",98,12,23,57,6,46,3,8,31,4,52,9,15,26,2,12.2448979591837,23.469387755102,58.1632653061224,6.12244897959184,46.9387755102041,3.06122448979592,8.16326530612245,31.6326530612245,4.08163265306122,53.0612244897959,9.18367346938776,15.3061224489796,26.530612244898,2.04081632653061
"E00034121",101,5,28,62,6,55,4,10,37,4,46,1,18,25,2,4.95049504950495,27.7227722772277,61.3861386138614,5.94059405940594,54.4554455445545,3.96039603960396,9.9009900990099,36.6336633663366,3.96039603960396,45.5445544554455,0.99009900990099,17.8217821782178,24.7524752475248,1.98019801980198
"E00034122",101,11,29,54,7,45,1,9,28,7,56,10,20,26,0,10.8910891089109,28.7128712871287,53.4653465346535,6.93069306930693,44.5544554455446,0.99009900990099,8.91089108910891,27.7227722772277,6.93069306930693,55.4455445544555,9.9009900990099,19.8019801980198,25.7425742574257,0
"E00034123",82,4,24,47,7,34,0,5,23,6,48,4,19,24,1,4.8780487804878,29.2682926829268,57.3170731707317,8.53658536585366,41.4634146341463,0,6.09756097560976,28.0487804878049,7.31707317073171,58.5365853658537,4.8780487804878,23.1707317073171,29.2682926829268,1.21951219512195
"E00034124",104,8,34,57,5,47,4,7,31,5,57,4,27,26,0,7.69230769230769,32.6923076923077,54.8076923076923,4.80769230769231,45.1923076923077,3.84615384615385,6.73076923076923,29.8076923076923,4.80769230769231,54.8076923076923,3.84615384615385,25.9615384615385,25,0
"E00034125",83,9,26,42,6,33,0,4,26,3,50,9,22,16,3,10.8433734939759,31.3253012048193,50.6024096385542,7.2289156626506,39.7590361445783,0,4.81927710843374,31.3253012048193,3.6144578313253,60.2409638554217,10.8433734939759,26.5060240963855,19.2771084337349,3.6144578313253
"E00034126",198,18,40,126,14,94,7,13,63,11,104,11,27,63,3,9.09090909090909,20.2020202020202,63.6363636363636,7.07070707070707,47.4747474747475,3.53535353535354,6.56565656565657,31.8181818181818,5.55555555555556,52.5252525252525,5.55555555555556,13.6363636363636,31.8181818181818,1.51515151515152
"E00034127",144,8,43,81,12,76,3,11,51,11,68,5,32,30,1,5.55555555555556,29.8611111111111,56.25,8.33333333333333,52.7777777777778,2.08333333333333,7.63888888888889,35.4166666666667,7.63888888888889,47.2222222222222,3.47222222222222,22.2222222222222,20.8333333333333,0.694444444444444
"E00034130",112,7,30,68,7,59,2,8,45,4,53,5,22,23,3,6.25,26.7857142857143,60.7142857142857,6.25,52.6785714285714,1.78571428571429,7.14285714285714,40.1785714285714,3.57142857142857,47.3214285714286,4.46428571428571,19.6428571428571,20.5357142857143,2.67857142857143
"E00034131",151,13,26,100,12,73,2,10,53,8,78,11,16,47,4,8.60927152317881,17.2185430463576,66.2251655629139,7.94701986754967,48.3443708609272,1.32450331125828,6.62251655629139,35.0993377483444,5.29801324503311,51.6556291390728,7.28476821192053,10.5960264900662,31.1258278145695,2.64900662251656
"E00034132",57,6,14,31,6,30,1,3,21,5,27,5,11,10,1,10.5263157894737,24.5614035087719,54.3859649122807,10.5263157894737,52.6315789473684,1.75438596491228,5.26315789473684,36.8421052631579,8.7719298245614,47.3684210526316,8.7719298245614,19.2982456140351,17.5438596491228,1.75438596491228
"E00034133",113,8,29,72,4,59,2,10,43,4,54,6,19,29,0,7.07964601769912,25.6637168141593,63.716814159292,3.53982300884956,52.212389380531,1.76991150442478,8.84955752212389,38.0530973451327,3.53982300884956,47.787610619469,5.30973451327434,16.8141592920354,25.6637168141593,0
"E00034134",110,15,34,57,4,53,4,9,36,4,57,11,25,21,0,13.6363636363636,30.9090909090909,51.8181818181818,3.63636363636364,48.1818181818182,3.63636363636364,8.18181818181818,32.7272727272727,3.63636363636364,51.8181818181818,10,22.7272727272727,19.0909090909091,0
"E00034135",109,8,28,66,7,50,4,5,35,6,59,4,23,31,1,7.3394495412844,25.6880733944954,60.5504587155963,6.42201834862385,45.8715596330275,3.6697247706422,4.58715596330275,32.1100917431193,5.5045871559633,54.1284403669725,3.6697247706422,21.1009174311927,28.4403669724771,0.917431192660551
"E00034136",135,11,31,89,4,69,4,7,56,2,66,7,24,33,2,8.14814814814815,22.962962962963,65.9259259259259,2.96296296296296,51.1111111111111,2.96296296296296,5.18518518518519,41.4814814814815,1.48148148148148,48.8888888888889,5.18518518518519,17.7777777777778,24.4444444444444,1.48148148148148
"E00034137",87,6,29,49,3,40,3,6,28,3,47,3,23,21,0,6.89655172413793,33.3333333333333,56.3218390804598,3.44827586206897,45.9770114942529,3.44827586206897,6.89655172413793,32.183908045977,3.44827586206897,54.0229885057471,3.44827586206897,26.4367816091954,24.1379310344828,0
"E00034138",96,4,37,51,4,50,0,18,29,3,46,4,19,22,1,4.16666666666667,38.5416666666667,53.125,4.16666666666667,52.0833333333333,0,18.75,30.2083333333333,3.125,47.9166666666667,4.16666666666667,19.7916666666667,22.9166666666667,1.04166666666667
"E00034139",98,6,34,54,4,44,2,14,27,1,54,4,20,27,3,6.12244897959184,34.6938775510204,55.1020408163265,4.08163265306122,44.8979591836735,2.04081632653061,14.2857142857143,27.5510204081633,1.02040816326531,55.1020408163265,4.08163265306122,20.4081632653061,27.5510204081633,3.06122448979592
"E00034140",94,11,18,55,10,45,3,5,28,9,49,8,13,27,1,11.7021276595745,19.1489361702128,58.5106382978723,10.6382978723404,47.8723404255319,3.19148936170213,5.31914893617021,29.7872340425532,9.57446808510638,52.1276595744681,8.51063829787234,13.8297872340426,28.7234042553192,1.06382978723404
"E00034141",58,6,15,34,3,28,2,3,21,2,30,4,12,13,1,10.3448275862069,25.8620689655172,58.6206896551724,5.17241379310345,48.2758620689655,3.44827586206897,5.17241379310345,36.2068965517241,3.44827586206897,51.7241379310345,6.89655172413793,20.6896551724138,22.4137931034483,1.72413793103448
"E00034142",142,14,38,84,6,65,6,7,48,4,77,8,31,36,2,9.85915492957746,26.7605633802817,59.1549295774648,4.22535211267606,45.7746478873239,4.22535211267606,4.92957746478873,33.8028169014084,2.8169014084507,54.2253521126761,5.63380281690141,21.830985915493,25.3521126760563,1.40845070422535
"E00034143",124,9,29,77,9,64,3,6,46,9,60,6,23,31,0,7.25806451612903,23.3870967741935,62.0967741935484,7.25806451612903,51.6129032258064,2.41935483870968,4.83870967741935,37.0967741935484,7.25806451612903,48.3870967741936,4.83870967741935,18.5483870967742,25,0
"E00034144",126,16,23,79,8,69,6,5,51,7,57,10,18,28,1,12.6984126984127,18.2539682539683,62.6984126984127,6.34920634920635,54.7619047619048,4.76190476190476,3.96825396825397,40.4761904761905,5.55555555555556,45.2380952380952,7.93650793650794,14.2857142857143,22.2222222222222,0.793650793650794
"E00034145",79,6,18,52,3,41,1,7,30,3,38,5,11,22,0,7.59493670886076,22.7848101265823,65.8227848101266,3.79746835443038,51.8987341772152,1.26582278481013,8.86075949367089,37.9746835443038,3.79746835443038,48.1012658227848,6.32911392405063,13.9240506329114,27.8481012658228,0
"E00034146",98,11,44,33,10,42,4,12,17,9,56,7,32,16,1,11.2244897959184,44.8979591836735,33.6734693877551,10.2040816326531,42.8571428571429,4.08163265306122,12.2448979591837,17.3469387755102,9.18367346938776,57.1428571428571,7.14285714285714,32.6530612244898,16.3265306122449,1.02040816326531
"E00034147",69,3,20,42,4,31,3,2,22,4,38,0,18,20,0,4.34782608695652,28.9855072463768,60.8695652173913,5.79710144927536,44.9275362318841,4.34782608695652,2.89855072463768,31.8840579710145,5.79710144927536,55.0724637681159,0,26.0869565217391,28.9855072463768,0
"E00034148",112,10,41,56,5,51,6,9,33,3,61,4,32,23,2,8.92857142857143,36.6071428571429,50,4.46428571428571,45.5357142857143,5.35714285714286,8.03571428571429,29.4642857142857,2.67857142857143,54.4642857142857,3.57142857142857,28.5714285714286,20.5357142857143,1.78571428571429
"E00034149",87,3,28,52,4,26,2,2,20,2,61,1,26,32,2,3.44827586206897,32.183908045977,59.7701149425287,4.59770114942529,29.8850574712644,2.29885057471264,2.29885057471264,22.9885057471264,2.29885057471264,70.1149425287356,1.14942528735632,29.8850574712644,36.7816091954023,2.29885057471264
"E00034150",83,6,25,49,3,43,2,4,34,3,40,4,21,15,0,7.2289156626506,30.1204819277108,59.0361445783133,3.6144578313253,51.8072289156626,2.40963855421687,4.81927710843374,40.9638554216867,3.6144578313253,48.1927710843374,4.81927710843374,25.3012048192771,18.0722891566265,0
"E00034151",97,15,32,49,1,47,9,5,32,1,50,6,27,17,0,15.4639175257732,32.9896907216495,50.5154639175258,1.03092783505155,48.4536082474227,9.27835051546392,5.15463917525773,32.9896907216495,1.03092783505155,51.5463917525773,6.18556701030928,27.8350515463918,17.5257731958763,0
"E00034152",120,10,31,70,9,56,1,8,41,6,64,9,23,29,3,8.33333333333333,25.8333333333333,58.3333333333333,7.5,46.6666666666667,0.833333333333333,6.66666666666667,34.1666666666667,5,53.3333333333333,7.5,19.1666666666667,24.1666666666667,2.5
"E00034153",94,9,33,46,6,42,2,7,28,5,52,7,26,18,1,9.57446808510638,35.1063829787234,48.936170212766,6.38297872340426,44.6808510638298,2.12765957446809,7.4468085106383,29.7872340425532,5.31914893617021,55.3191489361702,7.4468085106383,27.6595744680851,19.1489361702128,1.06382978723404
"E00034154",126,7,32,75,12,62,1,6,46,9,64,6,26,29,3,5.55555555555556,25.3968253968254,59.5238095238095,9.52380952380952,49.2063492063492,0.793650793650794,4.76190476190476,36.5079365079365,7.14285714285714,50.7936507936508,4.76190476190476,20.6349206349206,23.015873015873,2.38095238095238
"E00034155",114,4,30,75,5,48,2,7,36,3,66,2,23,39,2,3.50877192982456,26.3157894736842,65.7894736842105,4.3859649122807,42.1052631578947,1.75438596491228,6.14035087719298,31.5789473684211,2.63157894736842,57.8947368421053,1.75438596491228,20.1754385964912,34.2105263157895,1.75438596491228
"E00034156",65,6,20,34,5,37,1,8,23,5,28,5,12,11,0,9.23076923076923,30.7692307692308,52.3076923076923,7.69230769230769,56.9230769230769,1.53846153846154,12.3076923076923,35.3846153846154,7.69230769230769,43.0769230769231,7.69230769230769,18.4615384615385,16.9230769230769,0
"E00034157",114,9,23,75,7,55,2,4,45,4,59,7,19,30,3,7.89473684210526,20.1754385964912,65.7894736842105,6.14035087719298,48.2456140350877,1.75438596491228,3.50877192982456,39.4736842105263,3.50877192982456,51.7543859649123,6.14035087719298,16.6666666666667,26.3157894736842,2.63157894736842
"E00034158",133,6,27,95,5,64,2,6,52,4,69,4,21,43,1,4.51127819548872,20.3007518796992,71.4285714285714,3.7593984962406,48.1203007518797,1.50375939849624,4.51127819548872,39.0977443609023,3.00751879699248,51.8796992481203,3.00751879699248,15.7894736842105,32.3308270676692,0.75187969924812
"E00034159",147,12,35,87,13,68,3,5,52,8,79,9,30,35,5,8.16326530612245,23.8095238095238,59.1836734693878,8.84353741496599,46.2585034013605,2.04081632653061,3.40136054421769,35.3741496598639,5.4421768707483,53.7414965986395,6.12244897959184,20.4081632653061,23.8095238095238,3.40136054421769
"E00034160",108,11,20,69,8,52,3,6,39,4,56,8,14,30,4,10.1851851851852,18.5185185185185,63.8888888888889,7.40740740740741,48.1481481481481,2.77777777777778,5.55555555555556,36.1111111111111,3.7037037037037,51.8518518518518,7.40740740740741,12.962962962963,27.7777777777778,3.7037037037037
"E00034161",122,13,31,68,10,55,3,8,35,9,67,10,23,33,1,10.655737704918,25.4098360655738,55.7377049180328,8.19672131147541,45.0819672131148,2.45901639344262,6.55737704918033,28.6885245901639,7.37704918032787,54.9180327868852,8.19672131147541,18.8524590163934,27.0491803278689,0.819672131147541
"E00034162",142,10,35,84,13,80,2,16,51,11,62,8,19,33,2,7.04225352112676,24.6478873239437,59.1549295774648,9.15492957746479,56.3380281690141,1.40845070422535,11.2676056338028,35.9154929577465,7.74647887323944,43.6619718309859,5.63380281690141,13.3802816901408,23.2394366197183,1.40845070422535
"E00034163",85,10,17,51,7,41,4,4,29,4,44,6,13,22,3,11.7647058823529,20,60,8.23529411764706,48.2352941176471,4.70588235294118,4.70588235294118,34.1176470588235,4.70588235294118,51.7647058823529,7.05882352941176,15.2941176470588,25.8823529411765,3.52941176470588
"E00034164",128,14,38,69,7,55,4,6,41,4,73,10,32,28,3,10.9375,29.6875,53.90625,5.46875,42.96875,3.125,4.6875,32.03125,3.125,57.03125,7.8125,25,21.875,2.34375
"E00034165",59,0,28,31,0,28,0,6,22,0,31,0,22,9,0,0,47.4576271186441,52.5423728813559,0,47.4576271186441,0,10.1694915254237,37.2881355932203,0,52.5423728813559,0,37.2881355932203,15.2542372881356,0
"E00034167",127,15,43,68,1,63,4,8,50,1,64,11,35,18,0,11.8110236220472,33.8582677165354,53.5433070866142,0.78740157480315,49.6062992125984,3.1496062992126,6.2992125984252,39.3700787401575,0.78740157480315,50.3937007874016,8.66141732283465,27.5590551181102,14.1732283464567,0
"E00034168",144,13,33,92,6,71,4,6,56,5,73,9,27,36,1,9.02777777777778,22.9166666666667,63.8888888888889,4.16666666666667,49.3055555555556,2.77777777777778,4.16666666666667,38.8888888888889,3.47222222222222,50.6944444444444,6.25,18.75,25,0.694444444444444
"E00034169",162,14,28,100,20,103,10,11,67,15,59,4,17,33,5,8.64197530864197,17.2839506172839,61.7283950617284,12.3456790123457,63.5802469135803,6.17283950617284,6.79012345679012,41.358024691358,9.25925925925926,36.4197530864198,2.46913580246914,10.4938271604938,20.3703703703704,3.08641975308642
"E00034170",135,11,34,77,13,69,4,9,47,9,66,7,25,30,4,8.14814814814815,25.1851851851852,57.037037037037,9.62962962962963,51.1111111111111,2.96296296296296,6.66666666666667,34.8148148148148,6.66666666666667,48.8888888888889,5.18518518518519,18.5185185185185,22.2222222222222,2.96296296296296
"E00034171",127,9,27,77,14,69,4,7,48,10,58,5,20,29,4,7.08661417322835,21.259842519685,60.6299212598425,11.0236220472441,54.3307086614173,3.1496062992126,5.51181102362205,37.7952755905512,7.8740157480315,45.6692913385827,3.93700787401575,15.748031496063,22.8346456692913,3.1496062992126
"E00034172",148,9,41,88,10,75,4,11,50,10,73,5,30,38,0,6.08108108108108,27.7027027027027,59.4594594594595,6.75675675675676,50.6756756756757,2.7027027027027,7.43243243243243,33.7837837837838,6.75675675675676,49.3243243243243,3.37837837837838,20.2702702702703,25.6756756756757,0
"E00034173",128,12,15,90,11,60,4,2,50,4,68,8,13,40,7,9.375,11.71875,70.3125,8.59375,46.875,3.125,1.5625,39.0625,3.125,53.125,6.25,10.15625,31.25,5.46875
"E00034174",114,10,23,71,10,58,2,5,44,7,56,8,18,27,3,8.7719298245614,20.1754385964912,62.280701754386,8.7719298245614,50.8771929824561,1.75438596491228,4.3859649122807,38.5964912280702,6.14035087719298,49.1228070175439,7.01754385964912,15.7894736842105,23.6842105263158,2.63157894736842
"E00034175",84,6,19,51,8,44,3,5,32,4,40,3,14,19,4,7.14285714285714,22.6190476190476,60.7142857142857,9.52380952380952,52.3809523809524,3.57142857142857,5.95238095238095,38.0952380952381,4.76190476190476,47.6190476190476,3.57142857142857,16.6666666666667,22.6190476190476,4.76190476190476
"E00034176",91,2,18,66,5,48,1,6,37,4,43,1,12,29,1,2.1978021978022,19.7802197802198,72.5274725274725,5.49450549450549,52.7472527472528,1.0989010989011,6.59340659340659,40.6593406593407,4.3956043956044,47.2527472527472,1.0989010989011,13.1868131868132,31.8681318681319,1.0989010989011
"E00034177",133,13,34,76,10,74,7,16,43,8,59,6,18,33,2,9.77443609022556,25.5639097744361,57.1428571428571,7.5187969924812,55.6390977443609,5.26315789473684,12.0300751879699,32.3308270676692,6.01503759398496,44.3609022556391,4.51127819548872,13.5338345864662,24.812030075188,1.50375939849624
"E00034178",149,14,26,105,4,79,6,4,66,3,70,8,22,39,1,9.39597315436242,17.4496644295302,70.4697986577181,2.68456375838926,53.0201342281879,4.02684563758389,2.68456375838926,44.2953020134228,2.01342281879195,46.9798657718121,5.36912751677852,14.7651006711409,26.1744966442953,0.671140939597315
"E00034180",185,21,51,103,10,91,9,14,61,7,94,12,37,42,3,11.3513513513514,27.5675675675676,55.6756756756757,5.40540540540541,49.1891891891892,4.86486486486486,7.56756756756757,32.972972972973,3.78378378378378,50.8108108108108,6.48648648648649,20,22.7027027027027,1.62162162162162
"E00034182",40,1,14,22,3,21,0,6,12,3,19,1,8,10,0,2.5,35,55,7.5,52.5,0,15,30,7.5,47.5,2.5,20,25,0
"E00034184",103,12,27,59,5,52,4,7,38,3,51,8,20,21,2,11.6504854368932,26.2135922330097,57.2815533980583,4.85436893203883,50.4854368932039,3.88349514563107,6.79611650485437,36.8932038834951,2.9126213592233,49.5145631067961,7.76699029126214,19.4174757281553,20.3883495145631,1.94174757281553
"E00034185",87,12,17,56,2,42,5,2,34,1,45,7,15,22,1,13.7931034482759,19.5402298850575,64.367816091954,2.29885057471264,48.2758620689655,5.74712643678161,2.29885057471264,39.0804597701149,1.14942528735632,51.7241379310345,8.04597701149425,17.2413793103448,25.2873563218391,1.14942528735632
"E00034187",74,5,14,45,10,43,0,1,35,7,31,5,13,10,3,6.75675675675676,18.9189189189189,60.8108108108108,13.5135135135135,58.1081081081081,0,1.35135135135135,47.2972972972973,9.45945945945946,41.8918918918919,6.75675675675676,17.5675675675676,13.5135135135135,4.05405405405405
"E00034188",143,14,40,79,10,63,4,12,43,4,80,10,28,36,6,9.79020979020979,27.972027972028,55.2447552447552,6.99300699300699,44.0559440559441,2.7972027972028,8.39160839160839,30.0699300699301,2.7972027972028,55.9440559440559,6.99300699300699,19.5804195804196,25.1748251748252,4.1958041958042
"E00034189",105,7,23,72,3,55,2,6,44,3,50,5,17,28,0,6.66666666666667,21.9047619047619,68.5714285714286,2.85714285714286,52.3809523809524,1.9047619047619,5.71428571428571,41.9047619047619,2.85714285714286,47.6190476190476,4.76190476190476,16.1904761904762,26.6666666666667,0
"E00034190",89,4,30,50,5,37,0,6,27,4,52,4,24,23,1,4.49438202247191,33.7078651685393,56.1797752808989,5.61797752808989,41.5730337078652,0,6.74157303370786,30.3370786516854,4.49438202247191,58.4269662921348,4.49438202247191,26.9662921348315,25.8426966292135,1.12359550561798
"E00034191",102,9,19,66,8,45,1,5,31,8,57,8,14,35,0,8.82352941176471,18.6274509803922,64.7058823529412,7.84313725490196,44.1176470588235,0.980392156862745,4.90196078431373,30.3921568627451,7.84313725490196,55.8823529411765,7.84313725490196,13.7254901960784,34.3137254901961,0
"E00034192",124,3,43,71,7,58,1,9,43,5,66,2,34,28,2,2.41935483870968,34.6774193548387,57.258064516129,5.64516129032258,46.7741935483871,0.806451612903226,7.25806451612903,34.6774193548387,4.03225806451613,53.2258064516129,1.61290322580645,27.4193548387097,22.5806451612903,1.61290322580645
"E00034193",107,11,32,57,7,58,4,8,41,5,49,7,24,16,2,10.2803738317757,29.9065420560748,53.2710280373832,6.54205607476635,54.2056074766355,3.73831775700935,7.47663551401869,38.3177570093458,4.67289719626168,45.7943925233645,6.54205607476635,22.4299065420561,14.9532710280374,1.86915887850467
"E00034194",80,1,22,55,2,42,1,8,31,2,38,0,14,24,0,1.25,27.5,68.75,2.5,52.5,1.25,10,38.75,2.5,47.5,0,17.5,30,0
"E00034195",98,7,34,54,3,44,1,7,33,3,54,6,27,21,0,7.14285714285714,34.6938775510204,55.1020408163265,3.06122448979592,44.8979591836735,1.02040816326531,7.14285714285714,33.6734693877551,3.06122448979592,55.1020408163265,6.12244897959184,27.5510204081633,21.4285714285714,0
"E00034196",115,16,32,59,8,61,7,4,43,7,54,9,28,16,1,13.9130434782609,27.8260869565217,51.304347826087,6.95652173913043,53.0434782608696,6.08695652173913,3.47826086956522,37.3913043478261,6.08695652173913,46.9565217391304,7.82608695652174,24.3478260869565,13.9130434782609,0.869565217391304
"E00034197",113,8,37,60,8,54,3,10,35,6,59,5,27,25,2,7.07964601769912,32.7433628318584,53.0973451327434,7.07964601769912,47.787610619469,2.65486725663717,8.84955752212389,30.9734513274336,5.30973451327434,52.212389380531,4.42477876106195,23.8938053097345,22.1238938053097,1.76991150442478
"E00034199",87,7,18,57,5,44,3,6,32,3,43,4,12,25,2,8.04597701149425,20.6896551724138,65.5172413793103,5.74712643678161,50.5747126436782,3.44827586206897,6.89655172413793,36.7816091954023,3.44827586206897,49.4252873563218,4.59770114942529,13.7931034482759,28.735632183908,2.29885057471264
"E00034200",106,41,26,33,6,44,15,8,19,2,62,26,18,14,4,38.6792452830189,24.5283018867925,31.1320754716981,5.66037735849057,41.5094339622642,14.1509433962264,7.54716981132075,17.9245283018868,1.88679245283019,58.4905660377358,24.5283018867925,16.9811320754717,13.2075471698113,3.77358490566038
"E00034201",99,14,23,57,5,54,7,13,31,3,45,7,10,26,2,14.1414141414141,23.2323232323232,57.5757575757576,5.05050505050505,54.5454545454545,7.07070707070707,13.1313131313131,31.3131313131313,3.03030303030303,45.4545454545455,7.07070707070707,10.1010101010101,26.2626262626263,2.02020202020202
"E00034202",72,7,25,37,3,31,2,6,20,3,41,5,19,17,0,9.72222222222222,34.7222222222222,51.3888888888889,4.16666666666667,43.0555555555556,2.77777777777778,8.33333333333333,27.7777777777778,4.16666666666667,56.9444444444444,6.94444444444444,26.3888888888889,23.6111111111111,0
"E00034203",121,27,38,52,4,63,14,15,31,3,58,13,23,21,1,22.3140495867769,31.404958677686,42.9752066115703,3.30578512396694,52.0661157024793,11.5702479338843,12.396694214876,25.6198347107438,2.47933884297521,47.9338842975207,10.7438016528926,19.0082644628099,17.3553719008264,0.826446280991736
"E00034208",72,19,11,38,4,45,8,5,28,4,27,11,6,10,0,26.3888888888889,15.2777777777778,52.7777777777778,5.55555555555556,62.5,11.1111111111111,6.94444444444444,38.8888888888889,5.55555555555556,37.5,15.2777777777778,8.33333333333333,13.8888888888889,0
"E00034209",60,11,9,38,2,40,8,3,29,0,20,3,6,9,2,18.3333333333333,15,63.3333333333333,3.33333333333333,66.6666666666667,13.3333333333333,5,48.3333333333333,0,33.3333333333333,5,10,15,3.33333333333333
"E00034211",92,8,16,63,5,50,0,4,42,4,42,8,12,21,1,8.69565217391304,17.3913043478261,68.4782608695652,5.43478260869565,54.3478260869565,0,4.34782608695652,45.6521739130435,4.34782608695652,45.6521739130435,8.69565217391304,13.0434782608696,22.8260869565217,1.08695652173913
"E00034212",91,14,28,44,5,48,10,13,23,2,43,4,15,21,3,15.3846153846154,30.7692307692308,48.3516483516484,5.49450549450549,52.7472527472528,10.989010989011,14.2857142857143,25.2747252747253,2.1978021978022,47.2527472527472,4.3956043956044,16.4835164835165,23.0769230769231,3.2967032967033
"E00034213",144,17,40,78,9,77,4,15,54,4,67,13,25,24,5,11.8055555555556,27.7777777777778,54.1666666666667,6.25,53.4722222222222,2.77777777777778,10.4166666666667,37.5,2.77777777777778,46.5277777777778,9.02777777777778,17.3611111111111,16.6666666666667,3.47222222222222
"E00034215",39,7,15,13,4,16,3,5,6,2,23,4,10,7,2,17.9487179487179,38.4615384615385,33.3333333333333,10.2564102564103,41.025641025641,7.69230769230769,12.8205128205128,15.3846153846154,5.12820512820513,58.974358974359,10.2564102564103,25.6410256410256,17.9487179487179,5.12820512820513
"E00034216",128,21,39,60,8,60,10,12,30,8,68,11,27,30,0,16.40625,30.46875,46.875,6.25,46.875,7.8125,9.375,23.4375,6.25,53.125,8.59375,21.09375,23.4375,0
"E00034219",71,13,20,33,5,43,8,9,23,3,28,5,11,10,2,18.3098591549296,28.169014084507,46.4788732394366,7.04225352112676,60.5633802816901,11.2676056338028,12.6760563380282,32.3943661971831,4.22535211267606,39.4366197183099,7.04225352112676,15.4929577464789,14.0845070422535,2.8169014084507
"E00034221",82,6,22,49,5,40,2,4,32,2,42,4,18,17,3,7.31707317073171,26.8292682926829,59.7560975609756,6.09756097560976,48.780487804878,2.4390243902439,4.8780487804878,39.0243902439024,2.4390243902439,51.219512195122,4.8780487804878,21.9512195121951,20.7317073170732,3.65853658536585
"E00034222",141,19,41,71,10,88,11,18,51,8,53,8,23,20,2,13.4751773049645,29.0780141843972,50.354609929078,7.09219858156028,62.4113475177305,7.80141843971631,12.7659574468085,36.1702127659575,5.67375886524823,37.5886524822695,5.67375886524823,16.3120567375887,14.1843971631206,1.41843971631206
"E00034223",75,15,31,26,3,44,8,18,18,0,31,7,13,8,3,20,41.3333333333333,34.6666666666667,4,58.6666666666667,10.6666666666667,24,24,0,41.3333333333333,9.33333333333333,17.3333333333333,10.6666666666667,4
"E00034224",128,42,31,52,3,55,9,12,33,1,73,33,19,19,2,32.8125,24.21875,40.625,2.34375,42.96875,7.03125,9.375,25.78125,0.78125,57.03125,25.78125,14.84375,14.84375,1.5625
"E00034225",104,23,22,56,3,52,5,12,32,3,52,18,10,24,0,22.1153846153846,21.1538461538462,53.8461538461538,2.88461538461538,50,4.80769230769231,11.5384615384615,30.7692307692308,2.88461538461538,50,17.3076923076923,9.61538461538462,23.0769230769231,0
"E00034227",115,31,34,46,4,56,13,14,25,4,59,18,20,21,0,26.9565217391304,29.5652173913043,40,3.47826086956522,48.695652173913,11.304347826087,12.1739130434783,21.7391304347826,3.47826086956522,51.304347826087,15.6521739130435,17.3913043478261,18.2608695652174,0
"E00034228",119,51,27,40,1,48,17,8,22,1,71,34,19,18,0,42.8571428571429,22.6890756302521,33.6134453781513,0.840336134453782,40.3361344537815,14.2857142857143,6.72268907563025,18.4873949579832,0.840336134453782,59.6638655462185,28.5714285714286,15.9663865546218,15.1260504201681,0
"E00034230",142,36,40,61,5,67,18,12,34,3,75,18,28,27,2,25.3521126760563,28.169014084507,42.9577464788732,3.52112676056338,47.1830985915493,12.6760563380282,8.45070422535211,23.943661971831,2.11267605633803,52.8169014084507,12.6760563380282,19.7183098591549,19.0140845070423,1.40845070422535
"E00034231",147,48,22,68,9,77,20,9,40,8,70,28,13,28,1,32.6530612244898,14.9659863945578,46.2585034013605,6.12244897959184,52.3809523809524,13.6054421768707,6.12244897959184,27.2108843537415,5.4421768707483,47.6190476190476,19.047619047619,8.84353741496599,19.047619047619,0.680272108843537
"E00034234",107,8,31,57,11,52,2,6,36,8,55,6,25,21,3,7.47663551401869,28.9719626168224,53.2710280373832,10.2803738317757,48.5981308411215,1.86915887850467,5.60747663551402,33.6448598130841,7.47663551401869,51.4018691588785,5.60747663551402,23.3644859813084,19.6261682242991,2.80373831775701
"E00034235",117,7,32,69,9,54,4,6,36,8,63,3,26,33,1,5.98290598290598,27.3504273504274,58.974358974359,7.69230769230769,46.1538461538462,3.41880341880342,5.12820512820513,30.7692307692308,6.83760683760684,53.8461538461538,2.56410256410256,22.2222222222222,28.2051282051282,0.854700854700855
"E00034236",111,7,29,69,6,52,1,7,40,4,59,6,22,29,2,6.30630630630631,26.1261261261261,62.1621621621622,5.40540540540541,46.8468468468468,0.900900900900901,6.30630630630631,36.036036036036,3.6036036036036,53.1531531531532,5.40540540540541,19.8198198198198,26.1261261261261,1.8018018018018
"E00034237",144,12,44,82,6,61,7,7,42,5,83,5,37,40,1,8.33333333333333,30.5555555555556,56.9444444444444,4.16666666666667,42.3611111111111,4.86111111111111,4.86111111111111,29.1666666666667,3.47222222222222,57.6388888888889,3.47222222222222,25.6944444444444,27.7777777777778,0.694444444444444
"E00034238",45,2,7,33,3,26,1,2,21,2,19,1,5,12,1,4.44444444444444,15.5555555555556,73.3333333333333,6.66666666666667,57.7777777777778,2.22222222222222,4.44444444444444,46.6666666666667,4.44444444444444,42.2222222222222,2.22222222222222,11.1111111111111,26.6666666666667,2.22222222222222
"E00034239",111,8,32,67,4,56,3,9,41,3,55,5,23,26,1,7.20720720720721,28.8288288288288,60.3603603603604,3.6036036036036,50.4504504504504,2.7027027027027,8.10810810810811,36.9369369369369,2.7027027027027,49.5495495495495,4.5045045045045,20.7207207207207,23.4234234234234,0.900900900900901
"E00034240",102,8,28,58,8,48,4,5,34,5,54,4,23,24,3,7.84313725490196,27.4509803921569,56.8627450980392,7.84313725490196,47.0588235294118,3.92156862745098,4.90196078431373,33.3333333333333,4.90196078431373,52.9411764705882,3.92156862745098,22.5490196078431,23.5294117647059,2.94117647058824
"E00034241",111,7,31,65,8,49,1,7,38,3,62,6,24,27,5,6.30630630630631,27.9279279279279,58.5585585585586,7.20720720720721,44.1441441441441,0.900900900900901,6.30630630630631,34.2342342342342,2.7027027027027,55.8558558558559,5.40540540540541,21.6216216216216,24.3243243243243,4.5045045045045
"E00034242",84,8,26,49,1,35,1,4,29,1,49,7,22,20,0,9.52380952380952,30.952380952381,58.3333333333333,1.19047619047619,41.6666666666667,1.19047619047619,4.76190476190476,34.5238095238095,1.19047619047619,58.3333333333333,8.33333333333333,26.1904761904762,23.8095238095238,0
"E00034243",153,11,53,80,9,61,1,14,39,7,92,10,39,41,2,7.18954248366013,34.640522875817,52.2875816993464,5.88235294117647,39.8692810457516,0.65359477124183,9.15032679738562,25.4901960784314,4.57516339869281,60.1307189542484,6.5359477124183,25.4901960784314,26.797385620915,1.30718954248366
"E00034244",116,6,29,73,8,57,2,7,40,8,59,4,22,33,0,5.17241379310345,25,62.9310344827586,6.89655172413793,49.1379310344828,1.72413793103448,6.03448275862069,34.4827586206897,6.89655172413793,50.8620689655172,3.44827586206897,18.9655172413793,28.448275862069,0
"E00034245",93,3,20,57,13,51,2,5,35,9,42,1,15,22,4,3.2258064516129,21.505376344086,61.2903225806452,13.9784946236559,54.8387096774194,2.1505376344086,5.37634408602151,37.6344086021505,9.67741935483871,45.1612903225806,1.0752688172043,16.1290322580645,23.6559139784946,4.3010752688172
"E00034246",81,0,20,55,6,37,0,3,30,4,44,0,17,25,2,0,24.6913580246914,67.9012345679012,7.40740740740741,45.679012345679,0,3.7037037037037,37.037037037037,4.93827160493827,54.320987654321,0,20.9876543209877,30.8641975308642,2.46913580246914
"E00034247",95,11,19,55,10,41,1,3,31,6,54,10,16,24,4,11.5789473684211,20,57.8947368421053,10.5263157894737,43.1578947368421,1.05263157894737,3.15789473684211,32.6315789473684,6.31578947368421,56.8421052631579,10.5263157894737,16.8421052631579,25.2631578947368,4.21052631578947
"E00034248",74,6,17,47,4,34,1,2,28,3,40,5,15,19,1,8.10810810810811,22.972972972973,63.5135135135135,5.40540540540541,45.945945945946,1.35135135135135,2.7027027027027,37.8378378378378,4.05405405405405,54.0540540540541,6.75675675675676,20.2702702702703,25.6756756756757,1.35135135135135
"E00034249",75,2,26,41,6,38,0,11,23,4,37,2,15,18,2,2.66666666666667,34.6666666666667,54.6666666666667,8,50.6666666666667,0,14.6666666666667,30.6666666666667,5.33333333333333,49.3333333333333,2.66666666666667,20,24,2.66666666666667
"E00034250",120,10,38,65,7,58,4,8,40,6,62,6,30,25,1,8.33333333333333,31.6666666666667,54.1666666666667,5.83333333333333,48.3333333333333,3.33333333333333,6.66666666666667,33.3333333333333,5,51.6666666666667,5,25,20.8333333333333,0.833333333333333
"E00034251",136,18,19,92,7,77,9,4,59,5,59,9,15,33,2,13.2352941176471,13.9705882352941,67.6470588235294,5.14705882352941,56.6176470588235,6.61764705882353,2.94117647058824,43.3823529411765,3.67647058823529,43.3823529411765,6.61764705882353,11.0294117647059,24.2647058823529,1.47058823529412
"E00034252",184,8,41,114,21,90,2,12,63,13,94,6,29,51,8,4.34782608695652,22.2826086956522,61.9565217391304,11.4130434782609,48.9130434782609,1.08695652173913,6.52173913043478,34.2391304347826,7.06521739130435,51.0869565217391,3.26086956521739,15.7608695652174,27.7173913043478,4.34782608695652
"E00034253",117,8,32,74,3,53,2,9,39,3,64,6,23,35,0,6.83760683760684,27.3504273504274,63.2478632478632,2.56410256410256,45.2991452991453,1.70940170940171,7.69230769230769,33.3333333333333,2.56410256410256,54.7008547008547,5.12820512820513,19.6581196581197,29.9145299145299,0
"E00034254",96,10,28,52,6,49,3,8,32,6,47,7,20,20,0,10.4166666666667,29.1666666666667,54.1666666666667,6.25,51.0416666666667,3.125,8.33333333333333,33.3333333333333,6.25,48.9583333333333,7.29166666666667,20.8333333333333,20.8333333333333,0
"E00034255",94,7,24,56,7,43,1,5,31,6,51,6,19,25,1,7.4468085106383,25.531914893617,59.5744680851064,7.4468085106383,45.7446808510638,1.06382978723404,5.31914893617021,32.9787234042553,6.38297872340426,54.2553191489362,6.38297872340426,20.2127659574468,26.5957446808511,1.06382978723404
"E00034256",119,6,32,70,11,55,2,6,39,8,64,4,26,31,3,5.04201680672269,26.890756302521,58.8235294117647,9.2436974789916,46.218487394958,1.68067226890756,5.04201680672269,32.7731092436975,6.72268907563025,53.781512605042,3.36134453781513,21.8487394957983,26.0504201680672,2.52100840336134
"E00034257",101,10,23,62,6,48,3,10,30,5,53,7,13,32,1,9.9009900990099,22.7722772277228,61.3861386138614,5.94059405940594,47.5247524752475,2.97029702970297,9.9009900990099,29.7029702970297,4.95049504950495,52.4752475247525,6.93069306930693,12.8712871287129,31.6831683168317,0.99009900990099
"E00034258",113,6,36,63,8,58,3,7,43,5,55,3,29,20,3,5.30973451327434,31.858407079646,55.7522123893805,7.07964601769912,51.3274336283186,2.65486725663717,6.19469026548673,38.0530973451327,4.42477876106195,48.6725663716814,2.65486725663717,25.6637168141593,17.6991150442478,2.65486725663717
"E00034259",92,4,38,44,6,42,0,12,27,3,50,4,26,17,3,4.34782608695652,41.304347826087,47.8260869565217,6.52173913043478,45.6521739130435,0,13.0434782608696,29.3478260869565,3.26086956521739,54.3478260869565,4.34782608695652,28.2608695652174,18.4782608695652,3.26086956521739
"E00034260",82,3,23,51,5,42,1,9,29,3,40,2,14,22,2,3.65853658536585,28.0487804878049,62.1951219512195,6.09756097560976,51.219512195122,1.21951219512195,10.9756097560976,35.3658536585366,3.65853658536585,48.780487804878,2.4390243902439,17.0731707317073,26.8292682926829,2.4390243902439
"E00034261",97,6,29,57,5,51,0,8,38,5,46,6,21,19,0,6.18556701030928,29.8969072164948,58.7628865979381,5.15463917525773,52.5773195876289,0,8.24742268041237,39.1752577319588,5.15463917525773,47.4226804123711,6.18556701030928,21.6494845360825,19.5876288659794,0
"E00034262",118,12,18,81,7,57,4,4,43,6,61,8,14,38,1,10.1694915254237,15.2542372881356,68.6440677966102,5.93220338983051,48.3050847457627,3.38983050847458,3.38983050847458,36.4406779661017,5.08474576271187,51.6949152542373,6.77966101694915,11.864406779661,32.2033898305085,0.847457627118644
"E00034263",85,5,25,53,2,41,2,6,31,2,44,3,19,22,0,5.88235294117647,29.4117647058824,62.3529411764706,2.35294117647059,48.2352941176471,2.35294117647059,7.05882352941176,36.4705882352941,2.35294117647059,51.7647058823529,3.52941176470588,22.3529411764706,25.8823529411765,0
"E00034264",111,9,28,71,3,57,3,2,49,3,54,6,26,22,0,8.10810810810811,25.2252252252252,63.963963963964,2.7027027027027,51.3513513513513,2.7027027027027,1.8018018018018,44.1441441441441,2.7027027027027,48.6486486486487,5.40540540540541,23.4234234234234,19.8198198198198,0
"E00034265",276,15,62,178,21,135,2,16,102,15,141,13,46,76,6,5.43478260869565,22.463768115942,64.4927536231884,7.60869565217391,48.9130434782609,0.72463768115942,5.79710144927536,36.9565217391304,5.43478260869565,51.0869565217391,4.71014492753623,16.6666666666667,27.536231884058,2.17391304347826
"E00034266",129,6,31,83,9,66,2,8,52,4,63,4,23,31,5,4.65116279069767,24.031007751938,64.3410852713178,6.97674418604651,51.1627906976744,1.55038759689922,6.2015503875969,40.3100775193798,3.10077519379845,48.8372093023256,3.10077519379845,17.8294573643411,24.031007751938,3.87596899224806
"E00034267",136,14,26,81,15,72,3,11,46,12,64,11,15,35,3,10.2941176470588,19.1176470588235,59.5588235294118,11.0294117647059,52.9411764705882,2.20588235294118,8.08823529411765,33.8235294117647,8.82352941176471,47.0588235294118,8.08823529411765,11.0294117647059,25.7352941176471,2.20588235294118
"E00034268",216,10,64,131,11,112,2,28,72,10,104,8,36,59,1,4.62962962962963,29.6296296296296,60.6481481481482,5.09259259259259,51.8518518518518,0.925925925925926,12.962962962963,33.3333333333333,4.62962962962963,48.1481481481481,3.7037037037037,16.6666666666667,27.3148148148148,0.462962962962963
"E00034269",68,5,14,45,4,31,2,1,24,4,37,3,13,21,0,7.35294117647059,20.5882352941176,66.1764705882353,5.88235294117647,45.5882352941176,2.94117647058824,1.47058823529412,35.2941176470588,5.88235294117647,54.4117647058823,4.41176470588235,19.1176470588235,30.8823529411765,0
"E00034270",171,12,30,115,14,107,4,12,81,10,64,8,18,34,4,7.01754385964912,17.5438596491228,67.2514619883041,8.18713450292398,62.5730994152047,2.33918128654971,7.01754385964912,47.3684210526316,5.84795321637427,37.4269005847953,4.67836257309941,10.5263157894737,19.8830409356725,2.33918128654971
"E00034271",153,15,37,94,7,71,6,10,49,6,82,9,27,45,1,9.80392156862745,24.1830065359477,61.437908496732,4.57516339869281,46.4052287581699,3.92156862745098,6.5359477124183,32.0261437908497,3.92156862745098,53.5947712418301,5.88235294117647,17.6470588235294,29.4117647058824,0.65359477124183
"E00034272",127,8,26,82,11,76,1,16,51,8,51,7,10,31,3,6.2992125984252,20.4724409448819,64.5669291338583,8.66141732283465,59.8425196850394,0.78740157480315,12.5984251968504,40.1574803149606,6.2992125984252,40.1574803149606,5.51181102362205,7.8740157480315,24.4094488188976,2.36220472440945
"E00034273",69,4,10,51,4,44,3,7,32,2,25,1,3,19,2,5.79710144927536,14.4927536231884,73.9130434782609,5.79710144927536,63.768115942029,4.34782608695652,10.1449275362319,46.3768115942029,2.89855072463768,36.231884057971,1.44927536231884,4.34782608695652,27.536231884058,2.89855072463768
"E00034274",86,6,14,58,8,50,4,7,34,5,36,2,7,24,3,6.97674418604651,16.2790697674419,67.4418604651163,9.30232558139535,58.1395348837209,4.65116279069767,8.13953488372093,39.5348837209302,5.81395348837209,41.8604651162791,2.32558139534884,8.13953488372093,27.906976744186,3.48837209302326
"E00034275",140,12,32,89,7,62,3,8,46,5,78,9,24,43,2,8.57142857142857,22.8571428571429,63.5714285714286,5,44.2857142857143,2.14285714285714,5.71428571428571,32.8571428571429,3.57142857142857,55.7142857142857,6.42857142857143,17.1428571428571,30.7142857142857,1.42857142857143
"E00034276",144,12,34,84,14,64,6,6,40,12,80,6,28,44,2,8.33333333333333,23.6111111111111,58.3333333333333,9.72222222222222,44.4444444444444,4.16666666666667,4.16666666666667,27.7777777777778,8.33333333333333,55.5555555555556,4.16666666666667,19.4444444444444,30.5555555555556,1.38888888888889
"E00034277",122,14,20,80,8,65,5,5,48,7,57,9,15,32,1,11.4754098360656,16.3934426229508,65.5737704918033,6.55737704918033,53.2786885245902,4.0983606557377,4.0983606557377,39.344262295082,5.73770491803279,46.7213114754098,7.37704918032787,12.2950819672131,26.2295081967213,0.819672131147541
"E00034278",158,12,25,103,18,86,6,9,59,12,72,6,16,44,6,7.59493670886076,15.8227848101266,65.1898734177215,11.3924050632911,54.4303797468354,3.79746835443038,5.69620253164557,37.3417721518987,7.59493670886076,45.5696202531646,3.79746835443038,10.126582278481,27.8481012658228,3.79746835443038
"E00034279",141,15,27,84,15,94,5,17,60,12,47,10,10,24,3,10.6382978723404,19.1489361702128,59.5744680851064,10.6382978723404,66.6666666666667,3.54609929078014,12.0567375886525,42.5531914893617,8.51063829787234,33.3333333333333,7.09219858156028,7.09219858156028,17.0212765957447,2.12765957446809
"E00034280",36,4,10,21,1,29,2,10,16,1,7,2,0,5,0,11.1111111111111,27.7777777777778,58.3333333333333,2.77777777777778,80.5555555555556,5.55555555555556,27.7777777777778,44.4444444444444,2.77777777777778,19.4444444444444,5.55555555555556,0,13.8888888888889,0
"E00034281",88,17,14,53,4,56,11,8,35,2,32,6,6,18,2,19.3181818181818,15.9090909090909,60.2272727272727,4.54545454545455,63.6363636363636,12.5,9.09090909090909,39.7727272727273,2.27272727272727,36.3636363636364,6.81818181818182,6.81818181818182,20.4545454545455,2.27272727272727
"E00034282",190,13,40,119,18,95,7,10,65,13,95,6,30,54,5,6.8421052631579,21.0526315789474,62.6315789473684,9.47368421052632,50,3.68421052631579,5.26315789473684,34.2105263157895,6.8421052631579,50,3.15789473684211,15.7894736842105,28.4210526315789,2.63157894736842
"E00034283",181,21,40,107,13,89,8,11,57,13,92,13,29,50,0,11.6022099447514,22.0994475138122,59.1160220994475,7.18232044198895,49.171270718232,4.41988950276243,6.07734806629834,31.4917127071823,7.18232044198895,50.828729281768,7.18232044198895,16.0220994475138,27.6243093922652,0
"E00034284",130,9,31,74,16,73,7,9,45,12,57,2,22,29,4,6.92307692307692,23.8461538461538,56.9230769230769,12.3076923076923,56.1538461538462,5.38461538461539,6.92307692307692,34.6153846153846,9.23076923076923,43.8461538461538,1.53846153846154,16.9230769230769,22.3076923076923,3.07692307692308
"E00034285",103,13,20,61,9,59,4,5,43,7,44,9,15,18,2,12.621359223301,19.4174757281553,59.2233009708738,8.7378640776699,57.2815533980583,3.88349514563107,4.85436893203883,41.747572815534,6.79611650485437,42.7184466019417,8.7378640776699,14.5631067961165,17.4757281553398,1.94174757281553
"E00034286",103,6,39,53,5,44,4,10,26,4,59,2,29,27,1,5.8252427184466,37.8640776699029,51.4563106796116,4.85436893203883,42.7184466019417,3.88349514563107,9.70873786407767,25.2427184466019,3.88349514563107,57.2815533980583,1.94174757281553,28.1553398058252,26.2135922330097,0.970873786407767
"E00034287",80,6,22,48,4,44,3,6,31,4,36,3,16,17,0,7.5,27.5,60,5,55,3.75,7.5,38.75,5,45,3.75,20,21.25,0
"E00034288",143,11,39,83,10,67,2,6,52,7,76,9,33,31,3,7.69230769230769,27.2727272727273,58.041958041958,6.99300699300699,46.8531468531469,1.3986013986014,4.1958041958042,36.3636363636364,4.89510489510489,53.1468531468531,6.29370629370629,23.0769230769231,21.6783216783217,2.0979020979021
"E00034289",90,7,27,52,4,38,1,6,28,3,52,6,21,24,1,7.77777777777778,30,57.7777777777778,4.44444444444444,42.2222222222222,1.11111111111111,6.66666666666667,31.1111111111111,3.33333333333333,57.7777777777778,6.66666666666667,23.3333333333333,26.6666666666667,1.11111111111111
"E00034290",113,10,33,65,5,53,5,8,36,4,60,5,25,29,1,8.84955752212389,29.2035398230088,57.5221238938053,4.42477876106195,46.9026548672566,4.42477876106195,7.07964601769912,31.858407079646,3.53982300884956,53.0973451327434,4.42477876106195,22.1238938053097,25.6637168141593,0.884955752212389
"E00034291",82,5,28,41,8,45,3,10,28,4,37,2,18,13,4,6.09756097560976,34.1463414634146,50,9.75609756097561,54.8780487804878,3.65853658536585,12.1951219512195,34.1463414634146,4.8780487804878,45.1219512195122,2.4390243902439,21.9512195121951,15.8536585365854,4.8780487804878
"E00034292",113,11,27,68,7,56,4,8,39,5,57,7,19,29,2,9.73451327433628,23.8938053097345,60.1769911504425,6.19469026548673,49.5575221238938,3.53982300884956,7.07964601769912,34.5132743362832,4.42477876106195,50.4424778761062,6.19469026548673,16.8141592920354,25.6637168141593,1.76991150442478
"E00034293",105,8,18,73,6,47,3,4,37,3,58,5,14,36,3,7.61904761904762,17.1428571428571,69.5238095238095,5.71428571428571,44.7619047619048,2.85714285714286,3.80952380952381,35.2380952380952,2.85714285714286,55.2380952380952,4.76190476190476,13.3333333333333,34.2857142857143,2.85714285714286
"E00034294",290,22,51,183,34,142,7,11,99,25,148,15,40,84,9,7.58620689655172,17.5862068965517,63.1034482758621,11.7241379310345,48.9655172413793,2.41379310344828,3.79310344827586,34.1379310344828,8.62068965517241,51.0344827586207,5.17241379310345,13.7931034482759,28.9655172413793,3.10344827586207
"E00034295",90,4,28,55,3,46,2,12,29,3,44,2,16,26,0,4.44444444444444,31.1111111111111,61.1111111111111,3.33333333333333,51.1111111111111,2.22222222222222,13.3333333333333,32.2222222222222,3.33333333333333,48.8888888888889,2.22222222222222,17.7777777777778,28.8888888888889,0
"E00034296",144,11,26,94,13,77,4,10,51,12,67,7,16,43,1,7.63888888888889,18.0555555555556,65.2777777777778,9.02777777777778,53.4722222222222,2.77777777777778,6.94444444444444,35.4166666666667,8.33333333333333,46.5277777777778,4.86111111111111,11.1111111111111,29.8611111111111,0.694444444444444
"E00034297",106,6,26,69,5,48,2,7,37,2,58,4,19,32,3,5.66037735849057,24.5283018867925,65.0943396226415,4.71698113207547,45.2830188679245,1.88679245283019,6.60377358490566,34.9056603773585,1.88679245283019,54.7169811320755,3.77358490566038,17.9245283018868,30.188679245283,2.83018867924528
"E00034298",140,15,26,90,9,73,5,7,55,6,67,10,19,35,3,10.7142857142857,18.5714285714286,64.2857142857143,6.42857142857143,52.1428571428571,3.57142857142857,5,39.2857142857143,4.28571428571429,47.8571428571429,7.14285714285714,13.5714285714286,25,2.14285714285714
"E00034299",105,11,30,61,3,53,6,12,32,3,52,5,18,29,0,10.4761904761905,28.5714285714286,58.0952380952381,2.85714285714286,50.4761904761905,5.71428571428571,11.4285714285714,30.4761904761905,2.85714285714286,49.5238095238095,4.76190476190476,17.1428571428571,27.6190476190476,0
"E00034300",93,7,19,61,6,42,2,4,31,5,51,5,15,30,1,7.52688172043011,20.4301075268817,65.5913978494624,6.45161290322581,45.1612903225806,2.1505376344086,4.3010752688172,33.3333333333333,5.37634408602151,54.8387096774194,5.37634408602151,16.1290322580645,32.258064516129,1.0752688172043
"E00034301",86,8,20,47,11,47,4,7,26,10,39,4,13,21,1,9.30232558139535,23.2558139534884,54.6511627906977,12.7906976744186,54.6511627906977,4.65116279069767,8.13953488372093,30.2325581395349,11.6279069767442,45.3488372093023,4.65116279069767,15.1162790697674,24.4186046511628,1.16279069767442
"E00034302",139,8,29,90,12,66,3,6,46,11,73,5,23,44,1,5.75539568345324,20.863309352518,64.7482014388489,8.63309352517986,47.4820143884892,2.15827338129496,4.31654676258993,33.0935251798561,7.9136690647482,52.5179856115108,3.59712230215827,16.5467625899281,31.6546762589928,0.719424460431655
"E00034303",90,6,25,53,6,49,3,6,34,6,41,3,19,19,0,6.66666666666667,27.7777777777778,58.8888888888889,6.66666666666667,54.4444444444444,3.33333333333333,6.66666666666667,37.7777777777778,6.66666666666667,45.5555555555556,3.33333333333333,21.1111111111111,21.1111111111111,0
"E00034304",99,10,18,59,12,60,7,7,39,7,39,3,11,20,5,10.1010101010101,18.1818181818182,59.5959595959596,12.1212121212121,60.6060606060606,7.07070707070707,7.07070707070707,39.3939393939394,7.07070707070707,39.3939393939394,3.03030303030303,11.1111111111111,20.2020202020202,5.05050505050505
"E00034305",114,11,20,72,11,63,6,2,47,8,51,5,18,25,3,9.64912280701754,17.5438596491228,63.1578947368421,9.64912280701754,55.2631578947368,5.26315789473684,1.75438596491228,41.2280701754386,7.01754385964912,44.7368421052632,4.3859649122807,15.7894736842105,21.9298245614035,2.63157894736842
"E00034306",121,14,34,69,4,65,10,11,40,4,56,4,23,29,0,11.5702479338843,28.099173553719,57.0247933884297,3.30578512396694,53.7190082644628,8.26446280991736,9.09090909090909,33.0578512396694,3.30578512396694,46.2809917355372,3.30578512396694,19.0082644628099,23.9669421487603,0
"E00034307",108,8,16,78,6,72,5,6,55,6,36,3,10,23,0,7.40740740740741,14.8148148148148,72.2222222222222,5.55555555555556,66.6666666666667,4.62962962962963,5.55555555555556,50.9259259259259,5.55555555555556,33.3333333333333,2.77777777777778,9.25925925925926,21.2962962962963,0
"E00034308",162,13,34,105,10,77,3,14,56,4,85,10,20,49,6,8.02469135802469,20.9876543209877,64.8148148148148,6.17283950617284,47.5308641975309,1.85185185185185,8.64197530864197,34.5679012345679,2.46913580246914,52.4691358024691,6.17283950617284,12.3456790123457,30.2469135802469,3.7037037037037
"E00034309",89,9,18,53,9,47,3,6,32,6,42,6,12,21,3,10.1123595505618,20.2247191011236,59.5505617977528,10.1123595505618,52.8089887640449,3.37078651685393,6.74157303370786,35.9550561797753,6.74157303370786,47.1910112359551,6.74157303370786,13.4831460674157,23.5955056179775,3.37078651685393
"E00034310",117,9,24,69,15,72,4,10,44,14,45,5,14,25,1,7.69230769230769,20.5128205128205,58.974358974359,12.8205128205128,61.5384615384615,3.41880341880342,8.54700854700855,37.6068376068376,11.965811965812,38.4615384615385,4.27350427350427,11.965811965812,21.3675213675214,0.854700854700855
"E00034311",113,14,25,69,5,67,7,12,43,5,46,7,13,26,0,12.3893805309735,22.1238938053097,61.0619469026549,4.42477876106195,59.2920353982301,6.19469026548673,10.6194690265487,38.0530973451327,4.42477876106195,40.7079646017699,6.19469026548673,11.5044247787611,23.0088495575221,0
"E00034312",125,4,40,75,6,58,1,12,40,5,67,3,28,35,1,3.2,32,60,4.8,46.4,0.8,9.6,32,4,53.6,2.4,22.4,28,0.8
"E00034313",114,12,30,62,10,53,2,8,35,8,61,10,22,27,2,10.5263157894737,26.3157894736842,54.3859649122807,8.7719298245614,46.4912280701754,1.75438596491228,7.01754385964912,30.7017543859649,7.01754385964912,53.5087719298246,8.7719298245614,19.2982456140351,23.6842105263158,1.75438596491228
"E00034314",98,6,33,53,6,48,1,8,36,3,50,5,25,17,3,6.12244897959184,33.6734693877551,54.0816326530612,6.12244897959184,48.9795918367347,1.02040816326531,8.16326530612245,36.734693877551,3.06122448979592,51.0204081632653,5.10204081632653,25.5102040816327,17.3469387755102,3.06122448979592
"E00034315",56,2,13,36,5,29,1,2,23,3,27,1,11,13,2,3.57142857142857,23.2142857142857,64.2857142857143,8.92857142857143,51.7857142857143,1.78571428571429,3.57142857142857,41.0714285714286,5.35714285714286,48.2142857142857,1.78571428571429,19.6428571428571,23.2142857142857,3.57142857142857
"E00034316",93,6,23,55,9,42,2,8,25,7,51,4,15,30,2,6.45161290322581,24.7311827956989,59.1397849462366,9.67741935483871,45.1612903225806,2.1505376344086,8.60215053763441,26.8817204301075,7.52688172043011,54.8387096774194,4.3010752688172,16.1290322580645,32.258064516129,2.1505376344086
"E00034317",122,9,24,81,8,67,2,9,50,6,55,7,15,31,2,7.37704918032787,19.672131147541,66.3934426229508,6.55737704918033,54.9180327868852,1.63934426229508,7.37704918032787,40.9836065573771,4.91803278688525,45.0819672131148,5.73770491803279,12.2950819672131,25.4098360655738,1.63934426229508
"E00034318",87,5,34,42,6,40,3,9,22,6,47,2,25,20,0,5.74712643678161,39.0804597701149,48.2758620689655,6.89655172413793,45.9770114942529,3.44827586206897,10.3448275862069,25.2873563218391,6.89655172413793,54.0229885057471,2.29885057471264,28.735632183908,22.9885057471264,0
"E00034319",112,6,30,67,9,57,2,6,42,7,55,4,24,25,2,5.35714285714286,26.7857142857143,59.8214285714286,8.03571428571429,50.8928571428571,1.78571428571429,5.35714285714286,37.5,6.25,49.1071428571429,3.57142857142857,21.4285714285714,22.3214285714286,1.78571428571429
"E00034320",59,5,19,34,1,29,2,5,22,0,30,3,14,12,1,8.47457627118644,32.2033898305085,57.6271186440678,1.69491525423729,49.1525423728814,3.38983050847458,8.47457627118644,37.2881355932203,0,50.8474576271186,5.08474576271187,23.728813559322,20.3389830508475,1.69491525423729
"E00034321",44,1,15,22,6,20,0,3,13,4,24,1,12,9,2,2.27272727272727,34.0909090909091,50,13.6363636363636,45.4545454545455,0,6.81818181818182,29.5454545454545,9.09090909090909,54.5454545454545,2.27272727272727,27.2727272727273,20.4545454545455,4.54545454545455
"E00034322",112,9,40,58,5,54,2,13,34,5,58,7,27,24,0,8.03571428571429,35.7142857142857,51.7857142857143,4.46428571428571,48.2142857142857,1.78571428571429,11.6071428571429,30.3571428571429,4.46428571428571,51.7857142857143,6.25,24.1071428571429,21.4285714285714,0
"E00034323",100,7,26,62,5,39,2,3,31,3,61,5,23,31,2,7,26,62,5,39,2,3,31,3,61,5,23,31,2
"E00034324",73,7,29,36,1,23,1,2,20,0,50,6,27,16,1,9.58904109589041,39.7260273972603,49.3150684931507,1.36986301369863,31.5068493150685,1.36986301369863,2.73972602739726,27.3972602739726,0,68.4931506849315,8.21917808219178,36.986301369863,21.9178082191781,1.36986301369863
"E00034325",101,11,25,60,5,44,1,6,33,4,57,10,19,27,1,10.8910891089109,24.7524752475248,59.4059405940594,4.95049504950495,43.5643564356436,0.99009900990099,5.94059405940594,32.6732673267327,3.96039603960396,56.4356435643564,9.9009900990099,18.8118811881188,26.7326732673267,0.99009900990099
"E00034326",110,9,28,69,4,55,5,8,38,4,55,4,20,31,0,8.18181818181818,25.4545454545455,62.7272727272727,3.63636363636364,50,4.54545454545455,7.27272727272727,34.5454545454545,3.63636363636364,50,3.63636363636364,18.1818181818182,28.1818181818182,0
"E00034327",134,12,33,77,12,70,5,8,47,10,64,7,25,30,2,8.95522388059701,24.6268656716418,57.4626865671642,8.95522388059701,52.2388059701493,3.73134328358209,5.97014925373134,35.0746268656716,7.46268656716418,47.7611940298507,5.22388059701492,18.6567164179104,22.3880597014925,1.49253731343284
"E00034328",179,12,45,101,21,85,4,7,59,15,94,8,38,42,6,6.70391061452514,25.1396648044693,56.4245810055866,11.731843575419,47.4860335195531,2.23463687150838,3.91061452513966,32.9608938547486,8.37988826815642,52.5139664804469,4.46927374301676,21.2290502793296,23.463687150838,3.35195530726257
"E00034329",85,8,28,44,5,33,3,3,23,4,52,5,25,21,1,9.41176470588235,32.9411764705882,51.7647058823529,5.88235294117647,38.8235294117647,3.52941176470588,3.52941176470588,27.0588235294118,4.70588235294118,61.1764705882353,5.88235294117647,29.4117647058824,24.7058823529412,1.17647058823529
"E00034330",75,4,21,41,9,35,1,5,21,8,40,3,16,20,1,5.33333333333333,28,54.6666666666667,12,46.6666666666667,1.33333333333333,6.66666666666667,28,10.6666666666667,53.3333333333333,4,21.3333333333333,26.6666666666667,1.33333333333333
"E00034331",88,4,19,56,9,34,2,6,19,7,54,2,13,37,2,4.54545454545455,21.5909090909091,63.6363636363636,10.2272727272727,38.6363636363636,2.27272727272727,6.81818181818182,21.5909090909091,7.95454545454545,61.3636363636364,2.27272727272727,14.7727272727273,42.0454545454545,2.27272727272727
"E00034332",135,3,39,84,9,66,0,11,48,7,69,3,28,36,2,2.22222222222222,28.8888888888889,62.2222222222222,6.66666666666667,48.8888888888889,0,8.14814814814815,35.5555555555556,5.18518518518519,51.1111111111111,2.22222222222222,20.7407407407407,26.6666666666667,1.48148148148148
"E00034333",129,15,29,70,15,64,4,5,41,14,65,11,24,29,1,11.6279069767442,22.4806201550388,54.2635658914729,11.6279069767442,49.6124031007752,3.10077519379845,3.87596899224806,31.7829457364341,10.8527131782946,50.3875968992248,8.52713178294574,18.6046511627907,22.4806201550388,0.775193798449612
"E00034334",52,4,18,25,5,18,0,4,10,4,34,4,14,15,1,7.69230769230769,34.6153846153846,48.0769230769231,9.61538461538462,34.6153846153846,0,7.69230769230769,19.2307692307692,7.69230769230769,65.3846153846154,7.69230769230769,26.9230769230769,28.8461538461538,1.92307692307692
"E00034335",101,11,32,53,5,48,3,11,30,4,53,8,21,23,1,10.8910891089109,31.6831683168317,52.4752475247525,4.95049504950495,47.5247524752475,2.97029702970297,10.8910891089109,29.7029702970297,3.96039603960396,52.4752475247525,7.92079207920792,20.7920792079208,22.7722772277228,0.99009900990099
"E00034336",87,8,25,50,4,38,0,4,31,3,49,8,21,19,1,9.19540229885057,28.735632183908,57.4712643678161,4.59770114942529,43.6781609195402,0,4.59770114942529,35.632183908046,3.44827586206897,56.3218390804598,9.19540229885057,24.1379310344828,21.8390804597701,1.14942528735632
"E00034337",181,9,32,120,20,95,4,7,72,12,86,5,25,48,8,4.97237569060773,17.6795580110497,66.2983425414365,11.0497237569061,52.4861878453039,2.20994475138122,3.86740331491713,39.7790055248619,6.62983425414365,47.5138121546961,2.76243093922652,13.8121546961326,26.5193370165746,4.41988950276243
"E00034338",149,16,30,98,5,69,5,7,53,4,80,11,23,45,1,10.738255033557,20.1342281879195,65.7718120805369,3.35570469798658,46.3087248322148,3.35570469798658,4.69798657718121,35.5704697986577,2.68456375838926,53.6912751677852,7.38255033557047,15.4362416107383,30.2013422818792,0.671140939597315
"E00034339",142,14,30,87,11,66,3,7,47,9,76,11,23,40,2,9.85915492957746,21.1267605633803,61.2676056338028,7.74647887323944,46.4788732394366,2.11267605633803,4.92957746478873,33.0985915492958,6.33802816901408,53.5211267605634,7.74647887323944,16.1971830985916,28.169014084507,1.40845070422535
"E00034340",108,8,26,65,9,59,4,6,42,7,49,4,20,23,2,7.40740740740741,24.0740740740741,60.1851851851852,8.33333333333333,54.6296296296296,3.7037037037037,5.55555555555556,38.8888888888889,6.48148148148148,45.3703703703704,3.7037037037037,18.5185185185185,21.2962962962963,1.85185185185185
"E00034341",160,21,31,93,15,85,8,10,55,12,75,13,21,38,3,13.125,19.375,58.125,9.375,53.125,5,6.25,34.375,7.5,46.875,8.125,13.125,23.75,1.875
"E00034342",118,8,31,75,4,56,3,6,44,3,62,5,25,31,1,6.77966101694915,26.271186440678,63.5593220338983,3.38983050847458,47.4576271186441,2.54237288135593,5.08474576271187,37.2881355932203,2.54237288135593,52.5423728813559,4.23728813559322,21.1864406779661,26.271186440678,0.847457627118644
"E00034343",125,6,27,81,11,61,3,7,43,8,64,3,20,38,3,4.8,21.6,64.8,8.8,48.8,2.4,5.6,34.4,6.4,51.2,2.4,16,30.4,2.4
"E00034344",159,12,29,103,15,76,4,3,55,14,83,8,26,48,1,7.54716981132075,18.2389937106918,64.7798742138365,9.43396226415094,47.7987421383648,2.51572327044025,1.88679245283019,34.5911949685535,8.80503144654088,52.2012578616352,5.0314465408805,16.3522012578616,30.188679245283,0.628930817610063
"E00034345",114,6,16,74,18,62,3,3,41,15,52,3,13,33,3,5.26315789473684,14.0350877192982,64.9122807017544,15.7894736842105,54.3859649122807,2.63157894736842,2.63157894736842,35.9649122807018,13.1578947368421,45.6140350877193,2.63157894736842,11.4035087719298,28.9473684210526,2.63157894736842
"E00034346",33,1,7,25,0,19,0,1,18,0,14,1,6,7,0,3.03030303030303,21.2121212121212,75.7575757575758,0,57.5757575757576,0,3.03030303030303,54.5454545454545,0,42.4242424242424,3.03030303030303,18.1818181818182,21.2121212121212,0
"E00034347",94,7,16,64,7,55,2,6,42,5,39,5,10,22,2,7.4468085106383,17.0212765957447,68.0851063829787,7.4468085106383,58.5106382978723,2.12765957446809,6.38297872340426,44.6808510638298,5.31914893617021,41.4893617021277,5.31914893617021,10.6382978723404,23.4042553191489,2.12765957446809
"E00034348",83,11,22,45,5,36,4,4,24,4,47,7,18,21,1,13.2530120481928,26.5060240963855,54.2168674698795,6.02409638554217,43.3734939759036,4.81927710843374,4.81927710843374,28.9156626506024,4.81927710843374,56.6265060240964,8.43373493975904,21.6867469879518,25.3012048192771,1.20481927710843
"E00034349",75,11,21,38,5,31,1,5,20,5,44,10,16,18,0,14.6666666666667,28,50.6666666666667,6.66666666666667,41.3333333333333,1.33333333333333,6.66666666666667,26.6666666666667,6.66666666666667,58.6666666666667,13.3333333333333,21.3333333333333,24,0
"E00034350",52,4,19,25,4,24,3,1,16,4,28,1,18,9,0,7.69230769230769,36.5384615384615,48.0769230769231,7.69230769230769,46.1538461538462,5.76923076923077,1.92307692307692,30.7692307692308,7.69230769230769,53.8461538461538,1.92307692307692,34.6153846153846,17.3076923076923,0
"E00034351",124,17,25,72,10,61,5,7,40,9,63,12,18,32,1,13.7096774193548,20.1612903225806,58.0645161290323,8.06451612903226,49.1935483870968,4.03225806451613,5.64516129032258,32.258064516129,7.25806451612903,50.8064516129032,9.67741935483871,14.5161290322581,25.8064516129032,0.806451612903226
"E00034352",76,5,26,34,11,33,3,5,17,8,43,2,21,17,3,6.57894736842105,34.2105263157895,44.7368421052632,14.4736842105263,43.421052631579,3.94736842105263,6.57894736842105,22.3684210526316,10.5263157894737,56.578947368421,2.63157894736842,27.6315789473684,22.3684210526316,3.94736842105263
"E00034353",81,8,24,44,5,30,1,1,23,5,51,7,23,21,0,9.87654320987654,29.6296296296296,54.320987654321,6.17283950617284,37.037037037037,1.23456790123457,1.23456790123457,28.3950617283951,6.17283950617284,62.962962962963,8.64197530864197,28.3950617283951,25.9259259259259,0
"E00034354",85,6,37,37,5,52,2,21,24,5,33,4,16,13,0,7.05882352941176,43.5294117647059,43.5294117647059,5.88235294117647,61.1764705882353,2.35294117647059,24.7058823529412,28.2352941176471,5.88235294117647,38.8235294117647,4.70588235294118,18.8235294117647,15.2941176470588,0
"E00034355",78,7,24,41,6,49,3,9,34,3,29,4,15,7,3,8.97435897435897,30.7692307692308,52.5641025641026,7.69230769230769,62.8205128205128,3.84615384615385,11.5384615384615,43.5897435897436,3.84615384615385,37.1794871794872,5.12820512820513,19.2307692307692,8.97435897435897,3.84615384615385
"E00034356",38,5,14,16,3,30,3,9,15,3,8,2,5,1,0,13.1578947368421,36.8421052631579,42.1052631578947,7.89473684210526,78.9473684210526,7.89473684210526,23.6842105263158,39.4736842105263,7.89473684210526,21.0526315789474,5.26315789473684,13.1578947368421,2.63157894736842,0
"E00034358",153,6,40,96,11,71,2,14,48,7,82,4,26,48,4,3.92156862745098,26.1437908496732,62.7450980392157,7.18954248366013,46.4052287581699,1.30718954248366,9.15032679738562,31.3725490196078,4.57516339869281,53.5947712418301,2.61437908496732,16.9934640522876,31.3725490196078,2.61437908496732
"E00034359",123,4,20,91,8,65,1,5,52,7,58,3,15,39,1,3.2520325203252,16.260162601626,73.9837398373984,6.50406504065041,52.8455284552846,0.813008130081301,4.0650406504065,42.2764227642276,5.69105691056911,47.1544715447154,2.4390243902439,12.1951219512195,31.7073170731707,0.813008130081301
"E00034360",58,4,17,31,6,31,2,5,19,5,27,2,12,12,1,6.89655172413793,29.3103448275862,53.448275862069,10.3448275862069,53.448275862069,3.44827586206897,8.62068965517241,32.7586206896552,8.62068965517241,46.551724137931,3.44827586206897,20.6896551724138,20.6896551724138,1.72413793103448
"E00034361",65,3,18,39,5,24,1,2,18,3,41,2,16,21,2,4.61538461538462,27.6923076923077,60,7.69230769230769,36.9230769230769,1.53846153846154,3.07692307692308,27.6923076923077,4.61538461538462,63.0769230769231,3.07692307692308,24.6153846153846,32.3076923076923,3.07692307692308
"E00034362",51,3,16,29,3,22,2,1,17,2,29,1,15,12,1,5.88235294117647,31.3725490196078,56.8627450980392,5.88235294117647,43.1372549019608,3.92156862745098,1.96078431372549,33.3333333333333,3.92156862745098,56.8627450980392,1.96078431372549,29.4117647058824,23.5294117647059,1.96078431372549
"E00034363",105,10,27,61,7,50,3,7,33,7,55,7,20,28,0,9.52380952380952,25.7142857142857,58.0952380952381,6.66666666666667,47.6190476190476,2.85714285714286,6.66666666666667,31.4285714285714,6.66666666666667,52.3809523809524,6.66666666666667,19.047619047619,26.6666666666667,0
"E00034364",87,5,25,55,2,43,1,7,33,2,44,4,18,22,0,5.74712643678161,28.735632183908,63.2183908045977,2.29885057471264,49.4252873563218,1.14942528735632,8.04597701149425,37.9310344827586,2.29885057471264,50.5747126436782,4.59770114942529,20.6896551724138,25.2873563218391,0
"E00034365",109,8,32,64,5,51,4,7,35,5,58,4,25,29,0,7.3394495412844,29.3577981651376,58.7155963302752,4.58715596330275,46.7889908256881,3.6697247706422,6.42201834862385,32.1100917431193,4.58715596330275,53.2110091743119,3.6697247706422,22.9357798165138,26.605504587156,0
"E00034366",85,11,29,42,3,39,7,9,20,3,46,4,20,22,0,12.9411764705882,34.1176470588235,49.4117647058824,3.52941176470588,45.8823529411765,8.23529411764706,10.5882352941176,23.5294117647059,3.52941176470588,54.1176470588235,4.70588235294118,23.5294117647059,25.8823529411765,0
"E00034368",120,14,32,66,8,57,6,10,36,5,63,8,22,30,3,11.6666666666667,26.6666666666667,55,6.66666666666667,47.5,5,8.33333333333333,30,4.16666666666667,52.5,6.66666666666667,18.3333333333333,25,2.5
"E00034369",122,6,31,78,7,62,2,7,48,5,60,4,24,30,2,4.91803278688525,25.4098360655738,63.9344262295082,5.73770491803279,50.8196721311475,1.63934426229508,5.73770491803279,39.344262295082,4.0983606557377,49.1803278688525,3.27868852459016,19.672131147541,24.5901639344262,1.63934426229508
"E00034371",54,8,19,25,2,24,4,3,15,2,30,4,16,10,0,14.8148148148148,35.1851851851852,46.2962962962963,3.7037037037037,44.4444444444444,7.40740740740741,5.55555555555556,27.7777777777778,3.7037037037037,55.5555555555556,7.40740740740741,29.6296296296296,18.5185185185185,0
"E00034372",69,5,18,39,7,32,1,4,24,3,37,4,14,15,4,7.2463768115942,26.0869565217391,56.5217391304348,10.1449275362319,46.3768115942029,1.44927536231884,5.79710144927536,34.7826086956522,4.34782608695652,53.6231884057971,5.79710144927536,20.2898550724638,21.7391304347826,5.79710144927536
"E00034373",44,4,11,29,0,31,2,6,23,0,13,2,5,6,0,9.09090909090909,25,65.9090909090909,0,70.4545454545455,4.54545454545455,13.6363636363636,52.2727272727273,0,29.5454545454545,4.54545454545455,11.3636363636364,13.6363636363636,0
"E00034374",92,10,25,50,7,43,2,7,28,6,49,8,18,22,1,10.8695652173913,27.1739130434783,54.3478260869565,7.60869565217391,46.7391304347826,2.17391304347826,7.60869565217391,30.4347826086957,6.52173913043478,53.2608695652174,8.69565217391304,19.5652173913043,23.9130434782609,1.08695652173913
"E00034375",238,17,49,150,22,123,8,10,88,17,115,9,39,62,5,7.14285714285714,20.5882352941176,63.0252100840336,9.2436974789916,51.6806722689076,3.36134453781513,4.20168067226891,36.9747899159664,7.14285714285714,48.3193277310924,3.78151260504202,16.3865546218487,26.0504201680672,2.10084033613445
"E00034376",158,13,34,99,12,82,4,7,60,11,76,9,27,39,1,8.22784810126582,21.5189873417722,62.6582278481013,7.59493670886076,51.8987341772152,2.53164556962025,4.43037974683544,37.9746835443038,6.9620253164557,48.1012658227848,5.69620253164557,17.0886075949367,24.6835443037975,0.632911392405063
"E00034377",182,12,40,116,14,86,4,5,65,12,96,8,35,51,2,6.59340659340659,21.978021978022,63.7362637362637,7.69230769230769,47.2527472527472,2.1978021978022,2.74725274725275,35.7142857142857,6.59340659340659,52.7472527472528,4.3956043956044,19.2307692307692,28.021978021978,1.0989010989011
"E00034378",166,15,34,105,12,80,4,7,62,7,86,11,27,43,5,9.03614457831325,20.4819277108434,63.2530120481928,7.2289156626506,48.1927710843374,2.40963855421687,4.21686746987952,37.3493975903614,4.21686746987952,51.8072289156626,6.62650602409639,16.2650602409639,25.9036144578313,3.01204819277108
"E00034379",206,16,31,146,13,101,3,10,76,12,105,13,21,70,1,7.76699029126214,15.0485436893204,70.873786407767,6.31067961165049,49.0291262135922,1.45631067961165,4.85436893203883,36.8932038834951,5.8252427184466,50.9708737864078,6.31067961165049,10.1941747572816,33.9805825242718,0.485436893203883
"E00034380",177,13,46,112,6,89,10,8,68,3,88,3,38,44,3,7.34463276836158,25.9887005649718,63.2768361581921,3.38983050847458,50.2824858757062,5.64971751412429,4.51977401129944,38.4180790960452,1.69491525423729,49.7175141242938,1.69491525423729,21.4689265536723,24.8587570621469,1.69491525423729
"E00034381",282,18,66,163,35,153,12,13,100,28,129,6,53,63,7,6.38297872340426,23.4042553191489,57.8014184397163,12.4113475177305,54.2553191489362,4.25531914893617,4.60992907801418,35.4609929078014,9.9290780141844,45.7446808510638,2.12765957446809,18.7943262411348,22.3404255319149,2.4822695035461
"E00034382",156,9,30,105,12,82,3,7,64,8,74,6,23,41,4,5.76923076923077,19.2307692307692,67.3076923076923,7.69230769230769,52.5641025641026,1.92307692307692,4.48717948717949,41.025641025641,5.12820512820513,47.4358974358974,3.84615384615385,14.7435897435897,26.2820512820513,2.56410256410256
"E00034383",228,21,48,137,22,113,7,13,75,18,115,14,35,62,4,9.21052631578947,21.0526315789474,60.0877192982456,9.64912280701754,49.5614035087719,3.07017543859649,5.70175438596491,32.8947368421053,7.89473684210526,50.4385964912281,6.14035087719298,15.3508771929825,27.1929824561404,1.75438596491228
"E00034384",132,9,27,78,18,76,3,9,46,18,56,6,18,32,0,6.81818181818182,20.4545454545455,59.0909090909091,13.6363636363636,57.5757575757576,2.27272727272727,6.81818181818182,34.8484848484849,13.6363636363636,42.4242424242424,4.54545454545455,13.6363636363636,24.2424242424242,0
"E00034386",204,22,32,135,15,118,5,6,94,13,86,17,26,41,2,10.7843137254902,15.6862745098039,66.1764705882353,7.35294117647059,57.843137254902,2.45098039215686,2.94117647058824,46.078431372549,6.37254901960784,42.156862745098,8.33333333333333,12.7450980392157,20.0980392156863,0.980392156862745
"E00034387",111,7,27,74,3,68,1,13,51,3,43,6,14,23,0,6.30630630630631,24.3243243243243,66.6666666666667,2.7027027027027,61.2612612612613,0.900900900900901,11.7117117117117,45.945945945946,2.7027027027027,38.7387387387387,5.40540540540541,12.6126126126126,20.7207207207207,0
"E00034388",69,9,20,35,5,29,2,3,20,4,40,7,17,15,1,13.0434782608696,28.9855072463768,50.7246376811594,7.2463768115942,42.0289855072464,2.89855072463768,4.34782608695652,28.9855072463768,5.79710144927536,57.9710144927536,10.1449275362319,24.6376811594203,21.7391304347826,1.44927536231884
"E00034389",93,7,23,61,2,48,3,8,36,1,45,4,15,25,1,7.52688172043011,24.7311827956989,65.5913978494624,2.1505376344086,51.6129032258064,3.2258064516129,8.60215053763441,38.7096774193548,1.0752688172043,48.3870967741936,4.3010752688172,16.1290322580645,26.8817204301075,1.0752688172043
"E00034390",194,19,43,119,13,97,7,11,69,10,97,12,32,50,3,9.79381443298969,22.1649484536082,61.340206185567,6.70103092783505,50,3.60824742268041,5.67010309278351,35.5670103092784,5.15463917525773,50,6.18556701030928,16.4948453608247,25.7731958762887,1.54639175257732
"E00034391",230,10,51,152,17,105,3,6,80,16,125,7,45,72,1,4.34782608695652,22.1739130434783,66.0869565217391,7.39130434782609,45.6521739130435,1.30434782608696,2.60869565217391,34.7826086956522,6.95652173913043,54.3478260869565,3.04347826086957,19.5652173913043,31.304347826087,0.434782608695652
"E00034392",152,12,42,87,11,72,1,8,55,8,80,11,34,32,3,7.89473684210526,27.6315789473684,57.2368421052632,7.23684210526316,47.3684210526316,0.657894736842105,5.26315789473684,36.1842105263158,5.26315789473684,52.6315789473684,7.23684210526316,22.3684210526316,21.0526315789474,1.97368421052632
"E00034393",117,6,29,70,12,55,1,5,38,11,62,5,24,32,1,5.12820512820513,24.7863247863248,59.8290598290598,10.2564102564103,47.008547008547,0.854700854700855,4.27350427350427,32.4786324786325,9.4017094017094,52.991452991453,4.27350427350427,20.5128205128205,27.3504273504274,0.854700854700855
"E00034394",167,14,29,112,12,76,5,7,56,8,91,9,22,56,4,8.38323353293413,17.3652694610778,67.065868263473,7.18562874251497,45.5089820359281,2.9940119760479,4.19161676646707,33.5329341317365,4.79041916167665,54.4910179640719,5.38922155688623,13.1736526946108,33.5329341317365,2.39520958083832
"E00034395",109,5,24,70,10,56,1,9,41,5,53,4,15,29,5,4.58715596330275,22.0183486238532,64.2201834862385,9.1743119266055,51.3761467889908,0.917431192660551,8.25688073394496,37.6146788990826,4.58715596330275,48.6238532110092,3.6697247706422,13.7614678899083,26.605504587156,4.58715596330275
"E00034396",144,5,41,92,6,73,2,12,55,4,71,3,29,37,2,3.47222222222222,28.4722222222222,63.8888888888889,4.16666666666667,50.6944444444444,1.38888888888889,8.33333333333333,38.1944444444444,2.77777777777778,49.3055555555556,2.08333333333333,20.1388888888889,25.6944444444444,1.38888888888889
"E00034397",163,7,36,107,13,78,3,6,58,11,85,4,30,49,2,4.29447852760736,22.0858895705521,65.6441717791411,7.97546012269939,47.8527607361963,1.84049079754601,3.68098159509202,35.5828220858896,6.74846625766871,52.1472392638037,2.45398773006135,18.4049079754601,30.0613496932515,1.22699386503067
"E00034398",152,13,25,96,18,80,4,5,56,15,72,9,20,40,3,8.55263157894737,16.4473684210526,63.1578947368421,11.8421052631579,52.6315789473684,2.63157894736842,3.28947368421053,36.8421052631579,9.86842105263158,47.3684210526316,5.92105263157895,13.1578947368421,26.3157894736842,1.97368421052632
"E00034399",175,14,29,112,20,88,4,6,61,17,87,10,23,51,3,8,16.5714285714286,64,11.4285714285714,50.2857142857143,2.28571428571429,3.42857142857143,34.8571428571429,9.71428571428571,49.7142857142857,5.71428571428571,13.1428571428571,29.1428571428571,1.71428571428571
"E00034400",109,9,16,76,8,49,4,4,39,2,60,5,12,37,6,8.25688073394496,14.6788990825688,69.7247706422018,7.3394495412844,44.954128440367,3.6697247706422,3.6697247706422,35.7798165137615,1.8348623853211,55.045871559633,4.58715596330275,11.0091743119266,33.9449541284404,5.5045871559633
"E00034401",177,17,46,103,11,87,3,16,60,8,90,14,30,43,3,9.6045197740113,25.9887005649718,58.1920903954802,6.21468926553672,49.1525423728814,1.69491525423729,9.03954802259887,33.8983050847458,4.51977401129944,50.8474576271186,7.90960451977401,16.9491525423729,24.2937853107345,1.69491525423729
"E00034402",145,10,27,95,13,83,4,9,59,11,62,6,18,36,2,6.89655172413793,18.6206896551724,65.5172413793103,8.96551724137931,57.2413793103448,2.75862068965517,6.20689655172414,40.6896551724138,7.58620689655172,42.7586206896552,4.13793103448276,12.4137931034483,24.8275862068966,1.37931034482759
"E00034403",161,13,26,114,8,85,6,6,68,5,76,7,20,46,3,8.07453416149068,16.1490683229814,70.8074534161491,4.96894409937888,52.7950310559006,3.72670807453416,3.72670807453416,42.2360248447205,3.1055900621118,47.2049689440994,4.34782608695652,12.4223602484472,28.5714285714286,1.86335403726708
"E00034404",157,5,38,107,7,82,3,5,67,7,75,2,33,40,0,3.18471337579618,24.203821656051,68.1528662420382,4.45859872611465,52.2292993630573,1.91082802547771,3.18471337579618,42.6751592356688,4.45859872611465,47.7707006369427,1.27388535031847,21.0191082802548,25.4777070063694,0
"E00034405",174,10,41,115,8,92,3,14,70,5,82,7,27,45,3,5.74712643678161,23.5632183908046,66.0919540229885,4.59770114942529,52.8735632183908,1.72413793103448,8.04597701149425,40.2298850574713,2.8735632183908,47.1264367816092,4.02298850574713,15.5172413793103,25.8620689655172,1.72413793103448
"E00034406",186,10,39,117,20,104,2,12,74,16,82,8,27,43,4,5.37634408602151,20.9677419354839,62.9032258064516,10.752688172043,55.9139784946236,1.0752688172043,6.45161290322581,39.7849462365591,8.60215053763441,44.0860215053763,4.3010752688172,14.5161290322581,23.1182795698925,2.1505376344086
"E00034409",182,17,39,108,18,89,4,12,63,10,93,13,27,45,8,9.34065934065934,21.4285714285714,59.3406593406593,9.89010989010989,48.9010989010989,2.1978021978022,6.59340659340659,34.6153846153846,5.49450549450549,51.0989010989011,7.14285714285714,14.8351648351648,24.7252747252747,4.3956043956044
"E00034410",150,13,27,98,12,76,6,4,57,9,74,7,23,41,3,8.66666666666667,18,65.3333333333333,8,50.6666666666667,4,2.66666666666667,38,6,49.3333333333333,4.66666666666667,15.3333333333333,27.3333333333333,2
"E00034412",143,7,26,94,16,88,3,4,68,13,55,4,22,26,3,4.89510489510489,18.1818181818182,65.7342657342657,11.1888111888112,61.5384615384615,2.0979020979021,2.7972027972028,47.5524475524476,9.09090909090909,38.4615384615385,2.7972027972028,15.3846153846154,18.1818181818182,2.0979020979021
"E00034413",113,8,28,70,7,50,4,5,37,4,63,4,23,33,3,7.07964601769912,24.7787610619469,61.9469026548673,6.19469026548673,44.2477876106195,3.53982300884956,4.42477876106195,32.7433628318584,3.53982300884956,55.7522123893805,3.53982300884956,20.353982300885,29.2035398230088,2.65486725663717
"E00034414",125,5,24,85,11,66,2,6,51,7,59,3,18,34,4,4,19.2,68,8.8,52.8,1.6,4.8,40.8,5.6,47.2,2.4,14.4,27.2,3.2
"E00034415",131,6,44,72,9,76,2,22,45,7,55,4,22,27,2,4.58015267175572,33.587786259542,54.9618320610687,6.87022900763359,58.0152671755725,1.52671755725191,16.793893129771,34.3511450381679,5.34351145038168,41.9847328244275,3.05343511450382,16.793893129771,20.6106870229008,1.52671755725191
"E00034416",156,10,41,96,9,82,5,8,61,8,74,5,33,35,1,6.41025641025641,26.2820512820513,61.5384615384615,5.76923076923077,52.5641025641026,3.2051282051282,5.12820512820513,39.1025641025641,5.12820512820513,47.4358974358974,3.2051282051282,21.1538461538462,22.4358974358974,0.641025641025641
"E00034417",67,5,32,25,5,31,2,9,15,5,36,3,23,10,0,7.46268656716418,47.7611940298507,37.3134328358209,7.46268656716418,46.2686567164179,2.98507462686567,13.4328358208955,22.3880597014925,7.46268656716418,53.7313432835821,4.47761194029851,34.3283582089552,14.9253731343284,0
"E00034418",222,15,62,137,8,100,2,10,82,6,122,13,52,55,2,6.75675675675676,27.9279279279279,61.7117117117117,3.6036036036036,45.045045045045,0.900900900900901,4.5045045045045,36.9369369369369,2.7027027027027,54.954954954955,5.85585585585586,23.4234234234234,24.7747747747748,0.900900900900901
"E00034419",118,10,31,74,3,59,5,8,44,2,59,5,23,30,1,8.47457627118644,26.271186440678,62.7118644067797,2.54237288135593,50,4.23728813559322,6.77966101694915,37.2881355932203,1.69491525423729,50,4.23728813559322,19.4915254237288,25.4237288135593,0.847457627118644
"E00034420",130,14,30,83,3,70,6,7,55,2,60,8,23,28,1,10.7692307692308,23.0769230769231,63.8461538461538,2.30769230769231,53.8461538461538,4.61538461538462,5.38461538461539,42.3076923076923,1.53846153846154,46.1538461538462,6.15384615384615,17.6923076923077,21.5384615384615,0.769230769230769
"E00034421",148,9,43,87,9,76,4,14,51,7,72,5,29,36,2,6.08108108108108,29.0540540540541,58.7837837837838,6.08108108108108,51.3513513513513,2.7027027027027,9.45945945945946,34.4594594594595,4.72972972972973,48.6486486486487,3.37837837837838,19.5945945945946,24.3243243243243,1.35135135135135
"E00034422",113,13,26,59,15,60,4,10,34,12,53,9,16,25,3,11.5044247787611,23.0088495575221,52.212389380531,13.2743362831858,53.0973451327434,3.53982300884956,8.84955752212389,30.0884955752212,10.6194690265487,46.9026548672566,7.9646017699115,14.1592920353982,22.1238938053097,2.65486725663717
"E00034424",62,3,14,39,6,35,0,4,26,5,27,3,10,13,1,4.83870967741935,22.5806451612903,62.9032258064516,9.67741935483871,56.4516129032258,0,6.45161290322581,41.9354838709677,8.06451612903226,43.5483870967742,4.83870967741935,16.1290322580645,20.9677419354839,1.61290322580645
"E00034425",124,10,36,72,6,62,4,13,39,6,62,6,23,33,0,8.06451612903226,29.0322580645161,58.0645161290323,4.83870967741935,50,3.2258064516129,10.4838709677419,31.4516129032258,4.83870967741935,50,4.83870967741935,18.5483870967742,26.6129032258064,0
"E00034426",181,13,48,102,18,97,4,16,63,14,84,9,32,39,4,7.18232044198895,26.5193370165746,56.353591160221,9.94475138121547,53.5911602209945,2.20994475138122,8.83977900552486,34.8066298342541,7.73480662983425,46.4088397790055,4.97237569060773,17.6795580110497,21.5469613259669,2.20994475138122
"E00034427",79,3,22,49,5,40,1,6,28,5,39,2,16,21,0,3.79746835443038,27.8481012658228,62.0253164556962,6.32911392405063,50.6329113924051,1.26582278481013,7.59493670886076,35.4430379746835,6.32911392405063,49.3670886075949,2.53164556962025,20.253164556962,26.5822784810127,0
"E00034428",133,7,31,88,7,65,1,8,49,7,68,6,23,39,0,5.26315789473684,23.3082706766917,66.1654135338346,5.26315789473684,48.8721804511278,0.75187969924812,6.01503759398496,36.8421052631579,5.26315789473684,51.1278195488722,4.51127819548872,17.2932330827068,29.3233082706767,0
"E00034429",96,3,29,56,8,50,1,11,32,6,46,2,18,24,2,3.125,30.2083333333333,58.3333333333333,8.33333333333333,52.0833333333333,1.04166666666667,11.4583333333333,33.3333333333333,6.25,47.9166666666667,2.08333333333333,18.75,25,2.08333333333333
"E00034430",110,6,35,59,10,52,2,5,38,7,58,4,30,21,3,5.45454545454545,31.8181818181818,53.6363636363636,9.09090909090909,47.2727272727273,1.81818181818182,4.54545454545455,34.5454545454545,6.36363636363636,52.7272727272727,3.63636363636364,27.2727272727273,19.0909090909091,2.72727272727273
"E00034431",117,6,28,69,14,66,1,13,39,13,51,5,15,30,1,5.12820512820513,23.9316239316239,58.974358974359,11.965811965812,56.4102564102564,0.854700854700855,11.1111111111111,33.3333333333333,11.1111111111111,43.5897435897436,4.27350427350427,12.8205128205128,25.6410256410256,0.854700854700855
"E00034432",203,9,42,137,15,102,3,9,80,10,101,6,33,57,5,4.43349753694581,20.6896551724138,67.487684729064,7.38916256157635,50.2463054187192,1.47783251231527,4.43349753694581,39.4088669950739,4.92610837438424,49.7536945812808,2.95566502463054,16.256157635468,28.0788177339901,2.46305418719212
"E00034433",129,4,26,86,13,69,1,8,50,10,60,3,18,36,3,3.10077519379845,20.1550387596899,66.6666666666667,10.077519379845,53.4883720930233,0.775193798449612,6.2015503875969,38.7596899224806,7.75193798449612,46.5116279069767,2.32558139534884,13.953488372093,27.906976744186,2.32558139534884
"E00034434",183,17,35,94,37,99,3,12,54,30,84,14,23,40,7,9.2896174863388,19.1256830601093,51.3661202185792,20.2185792349727,54.0983606557377,1.63934426229508,6.55737704918033,29.5081967213115,16.3934426229508,45.9016393442623,7.65027322404372,12.568306010929,21.8579234972678,3.82513661202186
"E00034435",136,15,31,70,20,68,10,6,41,11,68,5,25,29,9,11.0294117647059,22.7941176470588,51.4705882352941,14.7058823529412,50,7.35294117647059,4.41176470588235,30.1470588235294,8.08823529411765,50,3.67647058823529,18.3823529411765,21.3235294117647,6.61764705882353
"E00034436",151,9,27,88,27,84,3,9,51,21,67,6,18,37,6,5.96026490066225,17.8807947019868,58.2781456953642,17.8807947019868,55.6291390728477,1.98675496688742,5.96026490066225,33.7748344370861,13.9072847682119,44.3708609271523,3.97350993377483,11.9205298013245,24.5033112582781,3.97350993377483
"E00034437",135,9,25,90,11,75,2,11,54,8,60,7,14,36,3,6.66666666666667,18.5185185185185,66.6666666666667,8.14814814814815,55.5555555555556,1.48148148148148,8.14814814814815,40,5.92592592592593,44.4444444444444,5.18518518518519,10.3703703703704,26.6666666666667,2.22222222222222
"E00034438",118,8,32,63,15,58,2,9,35,12,60,6,23,28,3,6.77966101694915,27.1186440677966,53.3898305084746,12.7118644067797,49.1525423728814,1.69491525423729,7.6271186440678,29.6610169491525,10.1694915254237,50.8474576271186,5.08474576271187,19.4915254237288,23.728813559322,2.54237288135593
"E00034439",165,18,24,88,35,97,6,7,58,26,68,12,17,30,9,10.9090909090909,14.5454545454545,53.3333333333333,21.2121212121212,58.7878787878788,3.63636363636364,4.24242424242424,35.1515151515151,15.7575757575758,41.2121212121212,7.27272727272727,10.3030303030303,18.1818181818182,5.45454545454545
"E00034440",128,12,25,70,21,66,2,8,42,14,62,10,17,28,7,9.375,19.53125,54.6875,16.40625,51.5625,1.5625,6.25,32.8125,10.9375,48.4375,7.8125,13.28125,21.875,5.46875
"E00034441",149,19,34,80,16,76,7,4,52,13,73,12,30,28,3,12.751677852349,22.8187919463087,53.6912751677852,10.738255033557,51.006711409396,4.69798657718121,2.68456375838926,34.8993288590604,8.7248322147651,48.993288590604,8.05369127516778,20.1342281879195,18.7919463087248,2.01342281879195
"E00034442",156,13,35,78,30,75,3,9,42,21,81,10,26,36,9,8.33333333333333,22.4358974358974,50,19.2307692307692,48.0769230769231,1.92307692307692,5.76923076923077,26.9230769230769,13.4615384615385,51.9230769230769,6.41025641025641,16.6666666666667,23.0769230769231,5.76923076923077
"E00034443",124,16,24,69,15,65,8,8,38,11,59,8,16,31,4,12.9032258064516,19.3548387096774,55.6451612903226,12.0967741935484,52.4193548387097,6.45161290322581,6.45161290322581,30.6451612903226,8.87096774193548,47.5806451612903,6.45161290322581,12.9032258064516,25,3.2258064516129
"E00034444",134,10,25,84,15,71,5,6,47,13,63,5,19,37,2,7.46268656716418,18.6567164179104,62.6865671641791,11.1940298507463,52.9850746268657,3.73134328358209,4.47761194029851,35.0746268656716,9.70149253731343,47.0149253731343,3.73134328358209,14.1791044776119,27.6119402985075,1.49253731343284
"E00034445",140,12,28,82,18,68,4,8,40,16,72,8,20,42,2,8.57142857142857,20,58.5714285714286,12.8571428571429,48.5714285714286,2.85714285714286,5.71428571428571,28.5714285714286,11.4285714285714,51.4285714285714,5.71428571428571,14.2857142857143,30,1.42857142857143
"E00034446",198,14,35,111,38,96,4,8,56,28,102,10,27,55,10,7.07070707070707,17.6767676767677,56.0606060606061,19.1919191919192,48.4848484848485,2.02020202020202,4.04040404040404,28.2828282828283,14.1414141414141,51.5151515151515,5.05050505050505,13.6363636363636,27.7777777777778,5.05050505050505
"E00034447",178,19,27,95,37,92,3,8,51,30,86,16,19,44,7,10.6741573033708,15.1685393258427,53.3707865168539,20.7865168539326,51.685393258427,1.68539325842697,4.49438202247191,28.6516853932584,16.8539325842697,48.314606741573,8.98876404494382,10.6741573033708,24.7191011235955,3.93258426966292
"E00034448",141,11,33,75,22,76,6,9,46,15,65,5,24,29,7,7.80141843971631,23.4042553191489,53.1914893617021,15.6028368794326,53.9007092198582,4.25531914893617,6.38297872340426,32.6241134751773,10.6382978723404,46.0992907801418,3.54609929078014,17.0212765957447,20.5673758865248,4.9645390070922
"E00034449",64,4,11,36,13,34,0,2,23,9,30,4,9,13,4,6.25,17.1875,56.25,20.3125,53.125,0,3.125,35.9375,14.0625,46.875,6.25,14.0625,20.3125,6.25
"E00034451",145,9,27,78,31,74,3,8,42,21,71,6,19,36,10,6.20689655172414,18.6206896551724,53.7931034482759,21.3793103448276,51.0344827586207,2.06896551724138,5.51724137931035,28.9655172413793,14.4827586206897,48.9655172413793,4.13793103448276,13.1034482758621,24.8275862068966,6.89655172413793
"E00034453",124,8,22,71,23,70,5,7,40,18,54,3,15,31,5,6.45161290322581,17.741935483871,57.258064516129,18.5483870967742,56.4516129032258,4.03225806451613,5.64516129032258,32.258064516129,14.5161290322581,43.5483870967742,2.41935483870968,12.0967741935484,25,4.03225806451613
"E00034454",57,6,8,37,6,38,3,4,26,5,19,3,4,11,1,10.5263157894737,14.0350877192982,64.9122807017544,10.5263157894737,66.6666666666667,5.26315789473684,7.01754385964912,45.6140350877193,8.7719298245614,33.3333333333333,5.26315789473684,7.01754385964912,19.2982456140351,1.75438596491228
"E00034455",131,14,18,87,12,70,8,4,48,10,61,6,14,39,2,10.6870229007634,13.7404580152672,66.412213740458,9.16030534351145,53.4351145038168,6.10687022900763,3.05343511450382,36.6412213740458,7.63358778625954,46.5648854961832,4.58015267175572,10.6870229007634,29.7709923664122,1.52671755725191
"E00034456",129,13,29,73,14,64,6,5,41,12,65,7,24,32,2,10.077519379845,22.4806201550388,56.5891472868217,10.8527131782946,49.6124031007752,4.65116279069767,3.87596899224806,31.7829457364341,9.30232558139535,50.3875968992248,5.42635658914729,18.6046511627907,24.8062015503876,1.55038759689922
"E00034457",104,11,24,60,9,50,3,5,36,6,54,8,19,24,3,10.5769230769231,23.0769230769231,57.6923076923077,8.65384615384615,48.0769230769231,2.88461538461538,4.80769230769231,34.6153846153846,5.76923076923077,51.9230769230769,7.69230769230769,18.2692307692308,23.0769230769231,2.88461538461538
"E00034458",82,4,23,45,10,40,2,5,24,9,42,2,18,21,1,4.8780487804878,28.0487804878049,54.8780487804878,12.1951219512195,48.780487804878,2.4390243902439,6.09756097560976,29.2682926829268,10.9756097560976,51.219512195122,2.4390243902439,21.9512195121951,25.609756097561,1.21951219512195
"E00034459",129,8,30,78,13,63,5,8,40,10,66,3,22,38,3,6.2015503875969,23.2558139534884,60.4651162790698,10.077519379845,48.8372093023256,3.87596899224806,6.2015503875969,31.0077519379845,7.75193798449612,51.1627906976744,2.32558139534884,17.0542635658915,29.4573643410853,2.32558139534884
"E00034460",59,4,10,40,5,29,1,3,21,4,30,3,7,19,1,6.77966101694915,16.9491525423729,67.7966101694915,8.47457627118644,49.1525423728814,1.69491525423729,5.08474576271187,35.5932203389831,6.77966101694915,50.8474576271186,5.08474576271187,11.864406779661,32.2033898305085,1.69491525423729
"E00034461",78,5,17,46,10,51,2,5,36,8,27,3,12,10,2,6.41025641025641,21.7948717948718,58.974358974359,12.8205128205128,65.3846153846154,2.56410256410256,6.41025641025641,46.1538461538462,10.2564102564103,34.6153846153846,3.84615384615385,15.3846153846154,12.8205128205128,2.56410256410256
"E00034462",117,12,20,64,21,58,4,5,34,15,59,8,15,30,6,10.2564102564103,17.0940170940171,54.7008547008547,17.9487179487179,49.5726495726496,3.41880341880342,4.27350427350427,29.0598290598291,12.8205128205128,50.4273504273504,6.83760683760684,12.8205128205128,25.6410256410256,5.12820512820513
"E00034463",112,18,27,47,20,54,5,7,27,15,58,13,20,20,5,16.0714285714286,24.1071428571429,41.9642857142857,17.8571428571429,48.2142857142857,4.46428571428571,6.25,24.1071428571429,13.3928571428571,51.7857142857143,11.6071428571429,17.8571428571429,17.8571428571429,4.46428571428571
"E00034464",126,12,22,77,15,68,3,4,48,13,58,9,18,29,2,9.52380952380952,17.4603174603175,61.1111111111111,11.9047619047619,53.968253968254,2.38095238095238,3.17460317460317,38.0952380952381,10.3174603174603,46.031746031746,7.14285714285714,14.2857142857143,23.015873015873,1.58730158730159
"E00034465",113,11,24,50,28,61,3,7,30,21,52,8,17,20,7,9.73451327433628,21.2389380530973,44.2477876106195,24.7787610619469,53.9823008849557,2.65486725663717,6.19469026548673,26.5486725663717,18.5840707964602,46.0176991150442,7.07964601769912,15.0442477876106,17.6991150442478,6.19469026548673
"E00034466",139,15,27,80,17,71,5,6,49,11,68,10,21,31,6,10.7913669064748,19.4244604316547,57.5539568345324,12.2302158273381,51.0791366906475,3.59712230215827,4.31654676258993,35.2517985611511,7.9136690647482,48.9208633093525,7.19424460431655,15.1079136690647,22.3021582733813,4.31654676258993
"E00034467",136,4,29,86,17,73,2,7,53,11,63,2,22,33,6,2.94117647058824,21.3235294117647,63.2352941176471,12.5,53.6764705882353,1.47058823529412,5.14705882352941,38.9705882352941,8.08823529411765,46.3235294117647,1.47058823529412,16.1764705882353,24.2647058823529,4.41176470588235
"E00034468",134,7,36,73,18,67,2,15,36,14,67,5,21,37,4,5.22388059701492,26.865671641791,54.4776119402985,13.4328358208955,50,1.49253731343284,11.1940298507463,26.865671641791,10.4477611940298,50,3.73134328358209,15.6716417910448,27.6119402985075,2.98507462686567
"E00034469",148,10,24,87,27,85,5,5,54,21,63,5,19,33,6,6.75675675675676,16.2162162162162,58.7837837837838,18.2432432432432,57.4324324324324,3.37837837837838,3.37837837837838,36.4864864864865,14.1891891891892,42.5675675675676,3.37837837837838,12.8378378378378,22.2972972972973,4.05405405405405
"E00034470",166,16,41,74,35,94,4,16,45,29,72,12,25,29,6,9.63855421686747,24.6987951807229,44.578313253012,21.0843373493976,56.6265060240964,2.40963855421687,9.63855421686747,27.1084337349398,17.4698795180723,43.3734939759036,7.2289156626506,15.0602409638554,17.4698795180723,3.6144578313253
"E00034471",126,17,24,61,24,66,5,9,35,17,60,12,15,26,7,13.4920634920635,19.047619047619,48.4126984126984,19.047619047619,52.3809523809524,3.96825396825397,7.14285714285714,27.7777777777778,13.4920634920635,47.6190476190476,9.52380952380952,11.9047619047619,20.6349206349206,5.55555555555556
"E00034472",164,10,31,105,18,80,4,7,55,14,84,6,24,50,4,6.09756097560976,18.9024390243902,64.0243902439024,10.9756097560976,48.780487804878,2.4390243902439,4.26829268292683,33.5365853658537,8.53658536585366,51.219512195122,3.65853658536585,14.6341463414634,30.4878048780488,2.4390243902439
"E00034473",133,14,34,63,22,69,5,11,37,16,64,9,23,26,6,10.5263157894737,25.5639097744361,47.3684210526316,16.5413533834586,51.8796992481203,3.7593984962406,8.27067669172932,27.8195488721804,12.0300751879699,48.1203007518797,6.76691729323308,17.2932330827068,19.5488721804511,4.51127819548872
"E00034474",144,13,35,83,13,76,6,10,50,10,68,7,25,33,3,9.02777777777778,24.3055555555556,57.6388888888889,9.02777777777778,52.7777777777778,4.16666666666667,6.94444444444444,34.7222222222222,6.94444444444444,47.2222222222222,4.86111111111111,17.3611111111111,22.9166666666667,2.08333333333333
"E00034475",109,5,28,68,8,60,1,10,44,5,49,4,18,24,3,4.58715596330275,25.6880733944954,62.3853211009174,7.3394495412844,55.045871559633,0.917431192660551,9.1743119266055,40.3669724770642,4.58715596330275,44.954128440367,3.6697247706422,16.5137614678899,22.0183486238532,2.75229357798165
"E00034476",105,12,27,55,11,53,4,9,32,8,52,8,18,23,3,11.4285714285714,25.7142857142857,52.3809523809524,10.4761904761905,50.4761904761905,3.80952380952381,8.57142857142857,30.4761904761905,7.61904761904762,49.5238095238095,7.61904761904762,17.1428571428571,21.9047619047619,2.85714285714286
"E00034477",158,13,32,99,14,82,2,8,61,11,76,11,24,38,3,8.22784810126582,20.253164556962,62.6582278481013,8.86075949367089,51.8987341772152,1.26582278481013,5.06329113924051,38.6075949367089,6.9620253164557,48.1012658227848,6.9620253164557,15.1898734177215,24.0506329113924,1.89873417721519
"E00034478",129,11,25,79,14,68,6,7,45,10,61,5,18,34,4,8.52713178294574,19.3798449612403,61.2403100775194,10.8527131782946,52.7131782945737,4.65116279069767,5.42635658914729,34.8837209302326,7.75193798449612,47.2868217054264,3.87596899224806,13.953488372093,26.3565891472868,3.10077519379845
"E00034479",157,17,24,83,33,85,7,5,50,23,72,10,19,33,10,10.828025477707,15.2866242038217,52.8662420382166,21.0191082802548,54.140127388535,4.45859872611465,3.18471337579618,31.8471337579618,14.6496815286624,45.859872611465,6.36942675159236,12.1019108280255,21.0191082802548,6.36942675159236
"E00034480",51,4,10,30,7,31,1,3,20,7,20,3,7,10,0,7.84313725490196,19.6078431372549,58.8235294117647,13.7254901960784,60.7843137254902,1.96078431372549,5.88235294117647,39.2156862745098,13.7254901960784,39.2156862745098,5.88235294117647,13.7254901960784,19.6078431372549,0
"E00034481",98,9,23,58,8,54,3,8,38,5,44,6,15,20,3,9.18367346938776,23.469387755102,59.1836734693878,8.16326530612245,55.1020408163265,3.06122448979592,8.16326530612245,38.7755102040816,5.10204081632653,44.8979591836735,6.12244897959184,15.3061224489796,20.4081632653061,3.06122448979592
"E00034482",59,5,14,34,6,33,3,4,21,5,26,2,10,13,1,8.47457627118644,23.728813559322,57.6271186440678,10.1694915254237,55.9322033898305,5.08474576271187,6.77966101694915,35.5932203389831,8.47457627118644,44.0677966101695,3.38983050847458,16.9491525423729,22.0338983050847,1.69491525423729
"E00034483",129,12,30,75,12,62,3,10,40,9,67,9,20,35,3,9.30232558139535,23.2558139534884,58.1395348837209,9.30232558139535,48.062015503876,2.32558139534884,7.75193798449612,31.0077519379845,6.97674418604651,51.937984496124,6.97674418604651,15.5038759689922,27.1317829457364,2.32558139534884
"E00034484",137,10,31,81,15,66,5,7,45,9,71,5,24,36,6,7.2992700729927,22.6277372262774,59.1240875912409,10.9489051094891,48.1751824817518,3.64963503649635,5.10948905109489,32.8467153284672,6.56934306569343,51.8248175182482,3.64963503649635,17.5182481751825,26.2773722627737,4.37956204379562
"E00034485",138,10,23,89,16,69,0,8,53,8,69,10,15,36,8,7.2463768115942,16.6666666666667,64.4927536231884,11.5942028985507,50,0,5.79710144927536,38.4057971014493,5.79710144927536,50,7.2463768115942,10.8695652173913,26.0869565217391,5.79710144927536
"E00165671",176,11,32,124,9,89,3,11,67,8,87,8,21,57,1,6.25,18.1818181818182,70.4545454545455,5.11363636363636,50.5681818181818,1.70454545454545,6.25,38.0681818181818,4.54545454545455,49.4318181818182,4.54545454545455,11.9318181818182,32.3863636363636,0.568181818181818
"E00165713",62,7,13,34,8,31,1,4,19,7,31,6,9,15,1,11.2903225806452,20.9677419354839,54.8387096774194,12.9032258064516,50,1.61290322580645,6.45161290322581,30.6451612903226,11.2903225806452,50,9.67741935483871,14.5161290322581,24.1935483870968,1.61290322580645
"E00165714",60,6,10,37,7,31,2,2,22,5,29,4,8,15,2,10,16.6666666666667,61.6666666666667,11.6666666666667,51.6666666666667,3.33333333333333,3.33333333333333,36.6666666666667,8.33333333333333,48.3333333333333,6.66666666666667,13.3333333333333,25,3.33333333333333
"E00165715",185,6,29,132,18,103,3,10,77,13,82,3,19,55,5,3.24324324324324,15.6756756756757,71.3513513513514,9.72972972972973,55.6756756756757,1.62162162162162,5.40540540540541,41.6216216216216,7.02702702702703,44.3243243243243,1.62162162162162,10.2702702702703,29.7297297297297,2.7027027027027
"E00165716",116,7,42,64,3,63,3,18,41,1,53,4,24,23,2,6.03448275862069,36.2068965517241,55.1724137931034,2.58620689655172,54.3103448275862,2.58620689655172,15.5172413793103,35.3448275862069,0.862068965517241,45.6896551724138,3.44827586206897,20.6896551724138,19.8275862068966,1.72413793103448
"E00165717",82,4,12,56,10,40,3,2,29,6,42,1,10,27,4,4.8780487804878,14.6341463414634,68.2926829268293,12.1951219512195,48.780487804878,3.65853658536585,2.4390243902439,35.3658536585366,7.31707317073171,51.219512195122,1.21951219512195,12.1951219512195,32.9268292682927,4.8780487804878
"E00165718",211,19,40,126,26,108,5,15,68,20,103,14,25,58,6,9.00473933649289,18.957345971564,59.7156398104265,12.3222748815166,51.1848341232227,2.3696682464455,7.10900473933649,32.2274881516588,9.47867298578199,48.8151658767773,6.63507109004739,11.8483412322275,27.4881516587678,2.8436018957346
"E00165719",109,6,20,57,26,70,1,7,39,23,39,5,13,18,3,5.5045871559633,18.348623853211,52.2935779816514,23.8532110091743,64.2201834862385,0.917431192660551,6.42201834862385,35.7798165137615,21.1009174311927,35.7798165137615,4.58715596330275,11.9266055045872,16.5137614678899,2.75229357798165
"E00165720",165,18,28,101,18,73,5,10,48,10,92,13,18,53,8,10.9090909090909,16.969696969697,61.2121212121212,10.9090909090909,44.2424242424242,3.03030303030303,6.06060606060606,29.0909090909091,6.06060606060606,55.7575757575758,7.87878787878788,10.9090909090909,32.1212121212121,4.84848484848485
"E00165721",62,8,10,34,10,30,2,1,18,9,32,6,9,16,1,12.9032258064516,16.1290322580645,54.8387096774194,16.1290322580645,48.3870967741936,3.2258064516129,1.61290322580645,29.0322580645161,14.5161290322581,51.6129032258064,9.67741935483871,14.5161290322581,25.8064516129032,1.61290322580645
"E00165722",171,20,37,101,13,83,8,9,58,8,88,12,28,43,5,11.6959064327485,21.6374269005848,59.0643274853801,7.60233918128655,48.5380116959064,4.67836257309941,5.26315789473684,33.9181286549708,4.67836257309941,51.4619883040936,7.01754385964912,16.374269005848,25.1461988304094,2.92397660818713
"E00165723",115,9,25,63,18,64,3,11,35,15,51,6,14,28,3,7.82608695652174,21.7391304347826,54.7826086956522,15.6521739130435,55.6521739130435,2.60869565217391,9.56521739130435,30.4347826086957,13.0434782608696,44.3478260869565,5.21739130434783,12.1739130434783,24.3478260869565,2.60869565217391
"E00165724",198,15,27,138,18,94,5,6,73,10,104,10,21,65,8,7.57575757575758,13.6363636363636,69.6969696969697,9.09090909090909,47.4747474747475,2.52525252525253,3.03030303030303,36.8686868686869,5.05050505050505,52.5252525252525,5.05050505050505,10.6060606060606,32.8282828282828,4.04040404040404
"E00165725",63,7,17,31,8,34,2,6,19,7,29,5,11,12,1,11.1111111111111,26.984126984127,49.2063492063492,12.6984126984127,53.968253968254,3.17460317460317,9.52380952380952,30.1587301587302,11.1111111111111,46.031746031746,7.93650793650794,17.4603174603175,19.047619047619,1.58730158730159
"E00165726",155,10,40,92,13,72,3,9,51,9,83,7,31,41,4,6.45161290322581,25.8064516129032,59.3548387096774,8.38709677419355,46.4516129032258,1.93548387096774,5.80645161290323,32.9032258064516,5.80645161290323,53.5483870967742,4.51612903225806,20,26.4516129032258,2.58064516129032
"E00165727",80,6,20,51,3,38,0,5,30,3,42,6,15,21,0,7.5,25,63.75,3.75,47.5,0,6.25,37.5,3.75,52.5,7.5,18.75,26.25,0
"E00165729",156,21,27,98,10,86,10,7,62,7,70,11,20,36,3,13.4615384615385,17.3076923076923,62.8205128205128,6.41025641025641,55.1282051282051,6.41025641025641,4.48717948717949,39.7435897435897,4.48717948717949,44.8717948717949,7.05128205128205,12.8205128205128,23.0769230769231,1.92307692307692
"E00165730",251,25,55,137,34,129,7,19,81,22,122,18,36,56,12,9.9601593625498,21.9123505976096,54.5816733067729,13.5458167330677,51.394422310757,2.78884462151394,7.56972111553785,32.2709163346614,8.76494023904383,48.605577689243,7.17131474103586,14.3426294820717,22.3107569721116,4.7808764940239
"E00165731",143,6,32,91,14,73,5,11,48,9,70,1,21,43,5,4.1958041958042,22.3776223776224,63.6363636363636,9.79020979020979,51.0489510489511,3.4965034965035,7.69230769230769,33.5664335664336,6.29370629370629,48.951048951049,0.699300699300699,14.6853146853147,30.0699300699301,3.4965034965035
"E00165758",79,7,25,42,5,45,3,8,29,5,34,4,17,13,0,8.86075949367089,31.6455696202532,53.1645569620253,6.32911392405063,56.9620253164557,3.79746835443038,10.126582278481,36.7088607594937,6.32911392405063,43.0379746835443,5.06329113924051,21.5189873417722,16.4556962025316,0
"E00165759",140,8,23,94,15,71,1,5,55,10,69,7,18,39,5,5.71428571428571,16.4285714285714,67.1428571428571,10.7142857142857,50.7142857142857,0.714285714285714,3.57142857142857,39.2857142857143,7.14285714285714,49.2857142857143,5,12.8571428571429,27.8571428571429,3.57142857142857
"E00165760",37,4,10,20,3,17,1,3,10,3,20,3,7,10,0,10.8108108108108,27.027027027027,54.0540540540541,8.10810810810811,45.945945945946,2.7027027027027,8.10810810810811,27.027027027027,8.10810810810811,54.0540540540541,8.10810810810811,18.9189189189189,27.027027027027,0
"E00165762",191,11,43,123,14,100,4,11,76,9,91,7,32,47,5,5.75916230366492,22.5130890052356,64.3979057591623,7.32984293193717,52.3560209424084,2.09424083769634,5.75916230366492,39.7905759162304,4.71204188481675,47.6439790575916,3.66492146596859,16.7539267015707,24.6073298429319,2.61780104712042
"E00165763",79,11,18,40,10,38,3,3,25,7,41,8,15,15,3,13.9240506329114,22.7848101265823,50.6329113924051,12.6582278481013,48.1012658227848,3.79746835443038,3.79746835443038,31.6455696202532,8.86075949367089,51.8987341772152,10.126582278481,18.9873417721519,18.9873417721519,3.79746835443038
"E00176596",104,8,20,70,6,53,3,9,37,4,51,5,11,33,2,7.69230769230769,19.2307692307692,67.3076923076923,5.76923076923077,50.9615384615385,2.88461538461538,8.65384615384615,35.5769230769231,3.84615384615385,49.0384615384615,4.80769230769231,10.5769230769231,31.7307692307692,1.92307692307692
"E00176597",73,12,17,34,10,40,8,5,24,3,33,4,12,10,7,16.4383561643836,23.2876712328767,46.5753424657534,13.6986301369863,54.7945205479452,10.958904109589,6.84931506849315,32.8767123287671,4.10958904109589,45.2054794520548,5.47945205479452,16.4383561643836,13.6986301369863,9.58904109589041
"E00176598",157,11,26,104,16,85,2,6,63,14,72,9,20,41,2,7.00636942675159,16.5605095541401,66.2420382165605,10.1910828025478,54.140127388535,1.27388535031847,3.82165605095541,40.1273885350318,8.9171974522293,45.859872611465,5.73248407643312,12.7388535031847,26.1146496815287,1.27388535031847
"E00176599",68,6,15,39,8,29,1,1,20,7,39,5,14,19,1,8.82352941176471,22.0588235294118,57.3529411764706,11.7647058823529,42.6470588235294,1.47058823529412,1.47058823529412,29.4117647058824,10.2941176470588,57.3529411764706,7.35294117647059,20.5882352941176,27.9411764705882,1.47058823529412
"E00176600",113,5,18,73,17,52,3,3,36,10,61,2,15,37,7,4.42477876106195,15.929203539823,64.6017699115044,15.0442477876106,46.0176991150442,2.65486725663717,2.65486725663717,31.858407079646,8.84955752212389,53.9823008849557,1.76991150442478,13.2743362831858,32.7433628318584,6.19469026548673
"E00176601",216,19,44,124,29,106,11,5,67,23,110,8,39,57,6,8.7962962962963,20.3703703703704,57.4074074074074,13.4259259259259,49.0740740740741,5.09259259259259,2.31481481481481,31.0185185185185,10.6481481481481,50.9259259259259,3.7037037037037,18.0555555555556,26.3888888888889,2.77777777777778
"E00176602",69,8,14,40,7,48,6,9,26,7,21,2,5,14,0,11.5942028985507,20.2898550724638,57.9710144927536,10.1449275362319,69.5652173913043,8.69565217391304,13.0434782608696,37.6811594202899,10.1449275362319,30.4347826086957,2.89855072463768,7.2463768115942,20.2898550724638,0
"E00176603",139,10,7,99,23,72,3,4,51,14,67,7,3,48,9,7.19424460431655,5.03597122302158,71.2230215827338,16.5467625899281,51.7985611510791,2.15827338129496,2.87769784172662,36.6906474820144,10.0719424460432,48.2014388489209,5.03597122302158,2.15827338129496,34.5323741007194,6.47482014388489
"E00176604",117,3,5,90,19,76,2,3,58,13,41,1,2,32,6,2.56410256410256,4.27350427350427,76.9230769230769,16.2393162393162,64.957264957265,1.70940170940171,2.56410256410256,49.5726495726496,11.1111111111111,35.042735042735,0.854700854700855,1.70940170940171,27.3504273504274,5.12820512820513
"E00176605",159,4,15,125,15,92,3,6,73,10,67,1,9,52,5,2.51572327044025,9.43396226415094,78.6163522012579,9.43396226415094,57.8616352201258,1.88679245283019,3.77358490566038,45.9119496855346,6.28930817610063,42.1383647798742,0.628930817610063,5.66037735849057,32.7044025157233,3.14465408805031
"E00176606",141,13,6,111,11,87,8,2,67,10,54,5,4,44,1,9.21985815602837,4.25531914893617,78.7234042553192,7.80141843971631,61.7021276595745,5.67375886524823,1.41843971631206,47.5177304964539,7.09219858156028,38.2978723404255,3.54609929078014,2.83687943262411,31.2056737588652,0.709219858156028
"E00176607",138,12,19,88,19,73,3,4,56,10,65,9,15,32,9,8.69565217391304,13.768115942029,63.768115942029,13.768115942029,52.8985507246377,2.17391304347826,2.89855072463768,40.5797101449275,7.2463768115942,47.1014492753623,6.52173913043478,10.8695652173913,23.1884057971014,6.52173913043478
"E00176608",162,2,14,121,25,99,0,8,71,20,63,2,6,50,5,1.23456790123457,8.64197530864197,74.6913580246914,15.4320987654321,61.1111111111111,0,4.93827160493827,43.8271604938272,12.3456790123457,38.8888888888889,1.23456790123457,3.7037037037037,30.8641975308642,3.08641975308642
"E00176609",93,14,35,38,6,45,5,14,21,5,48,9,21,17,1,15.0537634408602,37.6344086021505,40.8602150537634,6.45161290322581,48.3870967741936,5.37634408602151,15.0537634408602,22.5806451612903,5.37634408602151,51.6129032258064,9.67741935483871,22.5806451612903,18.2795698924731,1.0752688172043
"E00176610",97,8,30,49,10,47,2,11,25,9,50,6,19,24,1,8.24742268041237,30.9278350515464,50.5154639175258,10.3092783505155,48.4536082474227,2.06185567010309,11.340206185567,25.7731958762887,9.27835051546392,51.5463917525773,6.18556701030928,19.5876288659794,24.7422680412371,1.03092783505155
"E00176611",73,28,18,23,4,41,11,9,18,3,32,17,9,5,1,38.3561643835616,24.6575342465753,31.5068493150685,5.47945205479452,56.1643835616438,15.0684931506849,12.3287671232877,24.6575342465753,4.10958904109589,43.8356164383562,23.2876712328767,12.3287671232877,6.84931506849315,1.36986301369863
"E00176612",120,34,28,53,5,59,11,11,34,3,61,23,17,19,2,28.3333333333333,23.3333333333333,44.1666666666667,4.16666666666667,49.1666666666667,9.16666666666667,9.16666666666667,28.3333333333333,2.5,50.8333333333333,19.1666666666667,14.1666666666667,15.8333333333333,1.66666666666667
"E00176613",116,15,26,66,9,57,5,10,36,6,59,10,16,30,3,12.9310344827586,22.4137931034483,56.8965517241379,7.75862068965517,49.1379310344828,4.31034482758621,8.62068965517241,31.0344827586207,5.17241379310345,50.8620689655172,8.62068965517241,13.7931034482759,25.8620689655172,2.58620689655172
"E00176614",175,72,43,48,12,73,27,13,24,9,102,45,30,24,3,41.1428571428571,24.5714285714286,27.4285714285714,6.85714285714286,41.7142857142857,15.4285714285714,7.42857142857143,13.7142857142857,5.14285714285714,58.2857142857143,25.7142857142857,17.1428571428571,13.7142857142857,1.71428571428571
"E00176615",74,11,17,37,9,33,4,5,22,2,41,7,12,15,7,14.8648648648649,22.972972972973,50,12.1621621621622,44.5945945945946,5.40540540540541,6.75675675675676,29.7297297297297,2.7027027027027,55.4054054054054,9.45945945945946,16.2162162162162,20.2702702702703,9.45945945945946
"E00176616",122,44,18,47,13,59,19,8,26,6,63,25,10,21,7,36.0655737704918,14.7540983606557,38.5245901639344,10.655737704918,48.3606557377049,15.5737704918033,6.55737704918033,21.3114754098361,4.91803278688525,51.6393442622951,20.4918032786885,8.19672131147541,17.2131147540984,5.73770491803279
"E00176617",131,82,17,20,12,61,32,7,14,8,70,50,10,6,4,62.5954198473283,12.9770992366412,15.2671755725191,9.16030534351145,46.5648854961832,24.4274809160305,5.34351145038168,10.6870229007634,6.10687022900763,53.4351145038168,38.1679389312977,7.63358778625954,4.58015267175572,3.05343511450382
"E00176618",83,8,28,40,7,45,5,9,24,7,38,3,19,16,0,9.63855421686747,33.7349397590361,48.1927710843374,8.43373493975904,54.2168674698795,6.02409638554217,10.8433734939759,28.9156626506024,8.43373493975904,45.7831325301205,3.6144578313253,22.8915662650602,19.2771084337349,0
"E00176619",158,27,21,91,19,99,17,10,57,15,59,10,11,34,4,17.0886075949367,13.2911392405063,57.5949367088608,12.0253164556962,62.6582278481013,10.7594936708861,6.32911392405063,36.0759493670886,9.49367088607595,37.3417721518987,6.32911392405063,6.9620253164557,21.5189873417722,2.53164556962025
"E00176620",165,41,28,69,27,93,17,12,44,20,72,24,16,25,7,24.8484848484848,16.969696969697,41.8181818181818,16.3636363636364,56.3636363636364,10.3030303030303,7.27272727272727,26.6666666666667,12.1212121212121,43.6363636363636,14.5454545454545,9.6969696969697,15.1515151515152,4.24242424242424
"E00176621",94,8,9,57,20,58,1,5,37,15,36,7,4,20,5,8.51063829787234,9.57446808510638,60.6382978723404,21.2765957446809,61.7021276595745,1.06382978723404,5.31914893617021,39.3617021276596,15.9574468085106,38.2978723404255,7.4468085106383,4.25531914893617,21.2765957446809,5.31914893617021
"E00176622",142,6,18,103,15,103,5,8,78,12,39,1,10,25,3,4.22535211267606,12.6760563380282,72.5352112676056,10.5633802816901,72.5352112676056,3.52112676056338,5.63380281690141,54.9295774647887,8.45070422535211,27.4647887323944,0.704225352112676,7.04225352112676,17.6056338028169,2.11267605633803
"E00176623",64,8,8,35,13,40,7,4,20,9,24,1,4,15,4,12.5,12.5,54.6875,20.3125,62.5,10.9375,6.25,31.25,14.0625,37.5,1.5625,6.25,23.4375,6.25
"E00176624",266,155,56,47,8,140,76,23,33,8,126,79,33,14,0,58.2706766917293,21.0526315789474,17.6691729323308,3.00751879699248,52.6315789473684,28.5714285714286,8.64661654135338,12.406015037594,3.00751879699248,47.3684210526316,29.6992481203008,12.406015037594,5.26315789473684,0
"E00176625",133,3,13,93,24,90,1,3,67,19,43,2,10,26,5,2.25563909774436,9.77443609022556,69.9248120300752,18.0451127819549,67.6691729323308,0.75187969924812,2.25563909774436,50.3759398496241,14.2857142857143,32.3308270676692,1.50375939849624,7.5187969924812,19.5488721804511,3.7593984962406
"E00176626",166,12,10,115,29,121,8,10,80,23,45,4,0,35,6,7.2289156626506,6.02409638554217,69.2771084337349,17.4698795180723,72.8915662650602,4.81927710843374,6.02409638554217,48.1927710843374,13.855421686747,27.1084337349398,2.40963855421687,0,21.0843373493976,3.6144578313253
"E00176627",85,2,10,56,17,47,0,4,32,11,38,2,6,24,6,2.35294117647059,11.7647058823529,65.8823529411765,20,55.2941176470588,0,4.70588235294118,37.6470588235294,12.9411764705882,44.7058823529412,2.35294117647059,7.05882352941176,28.2352941176471,7.05882352941176
"E00176628",152,13,13,115,11,86,1,5,71,9,66,12,8,44,2,8.55263157894737,8.55263157894737,75.6578947368421,7.23684210526316,56.578947368421,0.657894736842105,3.28947368421053,46.7105263157895,5.92105263157895,43.421052631579,7.89473684210526,5.26315789473684,28.9473684210526,1.31578947368421
"E00176629",120,10,20,59,31,86,8,12,40,26,34,2,8,19,5,8.33333333333333,16.6666666666667,49.1666666666667,25.8333333333333,71.6666666666667,6.66666666666667,10,33.3333333333333,21.6666666666667,28.3333333333333,1.66666666666667,6.66666666666667,15.8333333333333,4.16666666666667
"E00176630",161,15,28,112,6,90,6,12,68,4,71,9,16,44,2,9.3167701863354,17.3913043478261,69.5652173913043,3.72670807453416,55.9006211180124,3.72670807453416,7.45341614906832,42.2360248447205,2.48447204968944,44.0993788819876,5.59006211180124,9.93788819875776,27.3291925465839,1.24223602484472
"E00176631",88,11,25,44,8,43,7,6,23,7,45,4,19,21,1,12.5,28.4090909090909,50,9.09090909090909,48.8636363636364,7.95454545454545,6.81818181818182,26.1363636363636,7.95454545454545,51.1363636363636,4.54545454545455,21.5909090909091,23.8636363636364,1.13636363636364
"E00176632",133,5,34,82,12,64,1,8,45,10,69,4,26,37,2,3.7593984962406,25.5639097744361,61.6541353383459,9.02255639097744,48.1203007518797,0.75187969924812,6.01503759398496,33.8345864661654,7.5187969924812,51.8796992481203,3.00751879699248,19.5488721804511,27.8195488721804,1.50375939849624
"E00176633",90,7,19,60,4,55,3,4,45,3,35,4,15,15,1,7.77777777777778,21.1111111111111,66.6666666666667,4.44444444444444,61.1111111111111,3.33333333333333,4.44444444444444,50,3.33333333333333,38.8888888888889,4.44444444444444,16.6666666666667,16.6666666666667,1.11111111111111
"E00176634",108,68,15,18,7,57,33,6,12,6,51,35,9,6,1,62.962962962963,13.8888888888889,16.6666666666667,6.48148148148148,52.7777777777778,30.5555555555556,5.55555555555556,11.1111111111111,5.55555555555556,47.2222222222222,32.4074074074074,8.33333333333333,5.55555555555556,0.925925925925926
"E00176635",145,24,18,90,13,97,11,10,67,9,48,13,8,23,4,16.551724137931,12.4137931034483,62.0689655172414,8.96551724137931,66.8965517241379,7.58620689655172,6.89655172413793,46.2068965517241,6.20689655172414,33.1034482758621,8.96551724137931,5.51724137931035,15.8620689655172,2.75862068965517
"E00176636",86,11,14,52,9,52,6,7,31,8,34,5,7,21,1,12.7906976744186,16.2790697674419,60.4651162790698,10.4651162790698,60.4651162790698,6.97674418604651,8.13953488372093,36.046511627907,9.30232558139535,39.5348837209302,5.81395348837209,8.13953488372093,24.4186046511628,1.16279069767442
"E00176637",57,9,10,34,4,30,3,4,20,3,27,6,6,14,1,15.7894736842105,17.5438596491228,59.6491228070175,7.01754385964912,52.6315789473684,5.26315789473684,7.01754385964912,35.0877192982456,5.26315789473684,47.3684210526316,10.5263157894737,10.5263157894737,24.5614035087719,1.75438596491228
"E00176638",143,10,9,104,20,89,6,5,60,18,54,4,4,44,2,6.99300699300699,6.29370629370629,72.7272727272727,13.986013986014,62.2377622377622,4.1958041958042,3.4965034965035,41.958041958042,12.5874125874126,37.7622377622378,2.7972027972028,2.7972027972028,30.7692307692308,1.3986013986014
"E00176639",100,69,23,6,2,40,23,13,3,1,60,46,10,3,1,69,23,6,2,40,23,13,3,1,60,46,10,3,1
"E00176640",196,41,41,90,24,101,19,14,49,19,95,22,27,41,5,20.9183673469388,20.9183673469388,45.9183673469388,12.2448979591837,51.530612244898,9.69387755102041,7.14285714285714,25,9.69387755102041,48.469387755102,11.2244897959184,13.7755102040816,20.9183673469388,2.55102040816327
"E00176641",38,5,10,20,3,21,2,6,10,3,17,3,4,10,0,13.1578947368421,26.3157894736842,52.6315789473684,7.89473684210526,55.2631578947368,5.26315789473684,15.7894736842105,26.3157894736842,7.89473684210526,44.7368421052632,7.89473684210526,10.5263157894737,26.3157894736842,0
"E00176642",213,14,14,146,39,139,8,5,100,26,74,6,9,46,13,6.57276995305164,6.57276995305164,68.5446009389671,18.3098591549296,65.2582159624413,3.75586854460094,2.34741784037559,46.9483568075117,12.2065727699531,34.7417840375587,2.8169014084507,4.22535211267606,21.5962441314554,6.10328638497653
"E00176643",146,7,11,106,22,91,1,7,66,17,55,6,4,40,5,4.79452054794521,7.53424657534247,72.6027397260274,15.0684931506849,62.3287671232877,0.684931506849315,4.79452054794521,45.2054794520548,11.6438356164384,37.6712328767123,4.10958904109589,2.73972602739726,27.3972602739726,3.42465753424658
"E00176644",83,15,6,53,9,51,5,4,36,6,32,10,2,17,3,18.0722891566265,7.2289156626506,63.855421686747,10.8433734939759,61.4457831325301,6.02409638554217,4.81927710843374,43.3734939759036,7.2289156626506,38.5542168674699,12.0481927710843,2.40963855421687,20.4819277108434,3.6144578313253
"E00176645",131,7,13,94,17,85,4,7,62,12,46,3,6,32,5,5.34351145038168,9.9236641221374,71.7557251908397,12.9770992366412,64.8854961832061,3.05343511450382,5.34351145038168,47.3282442748092,9.16030534351145,35.1145038167939,2.29007633587786,4.58015267175572,24.4274809160305,3.81679389312977
"E00176646",81,9,23,45,4,42,5,12,22,3,39,4,11,23,1,11.1111111111111,28.3950617283951,55.5555555555556,4.93827160493827,51.8518518518518,6.17283950617284,14.8148148148148,27.1604938271605,3.7037037037037,48.1481481481481,4.93827160493827,13.5802469135802,28.3950617283951,1.23456790123457
"E00176647",122,12,7,82,21,79,7,2,53,17,43,5,5,29,4,9.83606557377049,5.73770491803279,67.2131147540984,17.2131147540984,64.7540983606557,5.73770491803279,1.63934426229508,43.4426229508197,13.9344262295082,35.2459016393443,4.0983606557377,4.0983606557377,23.7704918032787,3.27868852459016
"E00176648",217,30,54,119,14,121,18,25,66,12,96,12,29,53,2,13.8248847926267,24.8847926267281,54.8387096774194,6.45161290322581,55.7603686635945,8.29493087557604,11.5207373271889,30.4147465437788,5.52995391705069,44.2396313364055,5.52995391705069,13.3640552995392,24.4239631336406,0.921658986175115
"E00176649",63,2,17,39,5,23,1,6,12,4,40,1,11,27,1,3.17460317460317,26.984126984127,61.9047619047619,7.93650793650794,36.5079365079365,1.58730158730159,9.52380952380952,19.047619047619,6.34920634920635,63.4920634920635,1.58730158730159,17.4603174603175,42.8571428571429,1.58730158730159
"E00176650",146,5,9,110,22,78,2,4,56,16,68,3,5,54,6,3.42465753424658,6.16438356164384,75.3424657534247,15.0684931506849,53.4246575342466,1.36986301369863,2.73972602739726,38.3561643835616,10.958904109589,46.5753424657534,2.05479452054794,3.42465753424658,36.986301369863,4.10958904109589
"E00176651",99,8,30,58,3,51,5,10,33,3,48,3,20,25,0,8.08080808080808,30.3030303030303,58.5858585858586,3.03030303030303,51.5151515151515,5.05050505050505,10.1010101010101,33.3333333333333,3.03030303030303,48.4848484848485,3.03030303030303,20.2020202020202,25.2525252525253,0
"E00176652",124,22,8,79,15,80,12,3,55,10,44,10,5,24,5,17.741935483871,6.45161290322581,63.7096774193548,12.0967741935484,64.5161290322581,9.67741935483871,2.41935483870968,44.3548387096774,8.06451612903226,35.4838709677419,8.06451612903226,4.03225806451613,19.3548387096774,4.03225806451613
"E00176653",290,29,28,208,25,201,22,19,138,22,89,7,9,70,3,10,9.6551724137931,71.7241379310345,8.62068965517241,69.3103448275862,7.58620689655172,6.55172413793103,47.5862068965517,7.58620689655172,30.6896551724138,2.41379310344828,3.10344827586207,24.1379310344828,1.03448275862069
"E00176654",144,7,15,85,37,91,1,6,58,26,53,6,9,27,11,4.86111111111111,10.4166666666667,59.0277777777778,25.6944444444444,63.1944444444444,0.694444444444444,4.16666666666667,40.2777777777778,18.0555555555556,36.8055555555556,4.16666666666667,6.25,18.75,7.63888888888889
"E00176655",85,30,22,23,10,46,14,10,13,9,39,16,12,10,1,35.2941176470588,25.8823529411765,27.0588235294118,11.7647058823529,54.1176470588235,16.4705882352941,11.7647058823529,15.2941176470588,10.5882352941176,45.8823529411765,18.8235294117647,14.1176470588235,11.7647058823529,1.17647058823529
"E00176656",149,7,12,101,29,89,4,7,57,21,60,3,5,44,8,4.69798657718121,8.05369127516778,67.7852348993289,19.4630872483221,59.7315436241611,2.68456375838926,4.69798657718121,38.255033557047,14.0939597315436,40.2684563758389,2.01342281879195,3.35570469798658,29.5302013422819,5.36912751677852
"E00176657",142,8,21,93,20,92,5,10,59,18,50,3,11,34,2,5.63380281690141,14.7887323943662,65.4929577464789,14.0845070422535,64.7887323943662,3.52112676056338,7.04225352112676,41.5492957746479,12.6760563380282,35.2112676056338,2.11267605633803,7.74647887323944,23.943661971831,1.40845070422535
"E00176658",163,35,37,81,10,96,26,14,49,7,67,9,23,32,3,21.4723926380368,22.6993865030675,49.6932515337423,6.13496932515337,58.8957055214724,15.9509202453988,8.58895705521472,30.0613496932515,4.29447852760736,41.1042944785276,5.52147239263804,14.1104294478528,19.6319018404908,1.84049079754601
"E00176659",150,44,27,59,20,84,16,15,37,16,66,28,12,22,4,29.3333333333333,18,39.3333333333333,13.3333333333333,56,10.6666666666667,10,24.6666666666667,10.6666666666667,44,18.6666666666667,8,14.6666666666667,2.66666666666667
"E00176660",137,8,13,97,19,85,3,5,61,16,52,5,8,36,3,5.83941605839416,9.48905109489051,70.8029197080292,13.8686131386861,62.043795620438,2.18978102189781,3.64963503649635,44.5255474452555,11.6788321167883,37.956204379562,3.64963503649635,5.83941605839416,26.2773722627737,2.18978102189781
"E00176661",72,28,28,11,5,46,16,21,5,4,26,12,7,6,1,38.8888888888889,38.8888888888889,15.2777777777778,6.94444444444444,63.8888888888889,22.2222222222222,29.1666666666667,6.94444444444444,5.55555555555556,36.1111111111111,16.6666666666667,9.72222222222222,8.33333333333333,1.38888888888889
"E00176662",164,11,37,93,23,89,6,7,59,17,75,5,30,34,6,6.70731707317073,22.5609756097561,56.7073170731707,14.0243902439024,54.2682926829268,3.65853658536585,4.26829268292683,35.9756097560976,10.3658536585366,45.7317073170732,3.04878048780488,18.2926829268293,20.7317073170732,3.65853658536585
"E00176663",133,14,29,83,7,74,9,13,47,5,59,5,16,36,2,10.5263157894737,21.8045112781955,62.406015037594,5.26315789473684,55.6390977443609,6.76691729323308,9.77443609022556,35.3383458646617,3.7593984962406,44.3609022556391,3.7593984962406,12.0300751879699,27.0676691729323,1.50375939849624
"E00176664",115,10,25,73,7,60,3,8,43,6,55,7,17,30,1,8.69565217391304,21.7391304347826,63.4782608695652,6.08695652173913,52.1739130434783,2.60869565217391,6.95652173913043,37.3913043478261,5.21739130434783,47.8260869565217,6.08695652173913,14.7826086956522,26.0869565217391,0.869565217391304
"E00176665",134,13,44,67,10,65,7,15,36,7,69,6,29,31,3,9.70149253731343,32.8358208955224,50,7.46268656716418,48.5074626865672,5.22388059701492,11.1940298507463,26.865671641791,5.22388059701492,51.4925373134328,4.47761194029851,21.6417910447761,23.134328358209,2.23880597014925
"E00176666",234,106,38,75,15,107,46,13,38,10,127,60,25,37,5,45.2991452991453,16.2393162393162,32.0512820512821,6.41025641025641,45.7264957264957,19.6581196581197,5.55555555555556,16.2393162393162,4.27350427350427,54.2735042735043,25.6410256410256,10.6837606837607,15.8119658119658,2.13675213675214
"E00176667",262,51,33,141,37,149,30,11,83,25,113,21,22,58,12,19.4656488549618,12.5954198473282,53.8167938931298,14.1221374045802,56.8702290076336,11.4503816793893,4.19847328244275,31.6793893129771,9.54198473282443,43.1297709923664,8.01526717557252,8.3969465648855,22.1374045801527,4.58015267175572
"E00176668",233,19,44,140,30,117,3,16,76,22,116,16,28,64,8,8.15450643776824,18.8841201716738,60.0858369098712,12.8755364806867,50.2145922746781,1.28755364806867,6.86695278969957,32.618025751073,9.44206008583691,49.7854077253219,6.86695278969957,12.0171673819742,27.4678111587983,3.43347639484979
"E00176669",98,3,18,64,13,47,1,7,33,6,51,2,11,31,7,3.06122448979592,18.3673469387755,65.3061224489796,13.265306122449,47.9591836734694,1.02040816326531,7.14285714285714,33.6734693877551,6.12244897959184,52.0408163265306,2.04081632653061,11.2244897959184,31.6326530612245,7.14285714285714
"E00176670",173,13,30,117,13,91,7,8,67,9,82,6,22,50,4,7.51445086705202,17.3410404624277,67.6300578034682,7.51445086705202,52.6011560693642,4.04624277456647,4.6242774566474,38.728323699422,5.20231213872832,47.3988439306358,3.46820809248555,12.7167630057803,28.9017341040462,2.3121387283237
"E00176671",144,14,23,97,10,74,5,4,58,7,70,9,19,39,3,9.72222222222222,15.9722222222222,67.3611111111111,6.94444444444444,51.3888888888889,3.47222222222222,2.77777777777778,40.2777777777778,4.86111111111111,48.6111111111111,6.25,13.1944444444444,27.0833333333333,2.08333333333333
"E00176672",97,6,17,63,11,52,4,4,36,8,45,2,13,27,3,6.18556701030928,17.5257731958763,64.9484536082474,11.340206185567,53.6082474226804,4.12371134020619,4.12371134020619,37.1134020618557,8.24742268041237,46.3917525773196,2.06185567010309,13.4020618556701,27.8350515463918,3.09278350515464
"E00176673",100,8,24,55,13,53,5,8,31,9,47,3,16,24,4,8,24,55,13,53,5,8,31,9,47,3,16,24,4
"E00176674",158,14,19,107,18,95,4,4,70,17,63,10,15,37,1,8.86075949367089,12.0253164556962,67.7215189873418,11.3924050632911,60.126582278481,2.53164556962025,2.53164556962025,44.3037974683544,10.7594936708861,39.873417721519,6.32911392405063,9.49367088607595,23.4177215189873,0.632911392405063
"E00176675",233,14,10,154,55,144,8,6,96,34,89,6,4,58,21,6.00858369098712,4.29184549356223,66.0944206008584,23.6051502145923,61.8025751072961,3.43347639484979,2.57510729613734,41.2017167381974,14.5922746781116,38.1974248927039,2.57510729613734,1.71673819742489,24.8927038626609,9.01287553648069
"E00176676",61,16,10,30,5,35,9,6,16,4,26,7,4,14,1,26.2295081967213,16.3934426229508,49.1803278688525,8.19672131147541,57.3770491803279,14.7540983606557,9.83606557377049,26.2295081967213,6.55737704918033,42.6229508196721,11.4754098360656,6.55737704918033,22.9508196721311,1.63934426229508
"E00176677",145,13,33,87,12,73,5,7,52,9,72,8,26,35,3,8.96551724137931,22.7586206896552,60,8.27586206896552,50.3448275862069,3.44827586206897,4.82758620689655,35.8620689655172,6.20689655172414,49.6551724137931,5.51724137931035,17.9310344827586,24.1379310344828,2.06896551724138
"E00176678",155,13,29,98,15,88,6,10,58,14,67,7,19,40,1,8.38709677419355,18.7096774193548,63.2258064516129,9.67741935483871,56.7741935483871,3.87096774193548,6.45161290322581,37.4193548387097,9.03225806451613,43.2258064516129,4.51612903225806,12.258064516129,25.8064516129032,0.645161290322581
"E00176679",180,13,16,117,34,117,6,13,72,26,63,7,3,45,8,7.22222222222222,8.88888888888889,65,18.8888888888889,65,3.33333333333333,7.22222222222222,40,14.4444444444444,35,3.88888888888889,1.66666666666667,25,4.44444444444444
"E00176680",183,7,13,125,38,115,4,7,78,26,68,3,6,47,12,3.82513661202186,7.10382513661202,68.3060109289617,20.7650273224044,62.8415300546448,2.18579234972678,3.82513661202186,42.6229508196721,14.207650273224,37.1584699453552,1.63934426229508,3.27868852459016,25.6830601092896,6.55737704918033
"E00176681",151,5,11,109,26,97,4,6,67,20,54,1,5,42,6,3.3112582781457,7.28476821192053,72.1854304635762,17.2185430463576,64.2384105960265,2.64900662251656,3.97350993377483,44.3708609271523,13.2450331125828,35.7615894039735,0.662251655629139,3.3112582781457,27.8145695364238,3.97350993377483
"E00176682",137,6,10,97,24,93,2,8,65,18,44,4,2,32,6,4.37956204379562,7.2992700729927,70.8029197080292,17.5182481751825,67.8832116788321,1.45985401459854,5.83941605839416,47.4452554744526,13.1386861313869,32.1167883211679,2.91970802919708,1.45985401459854,23.3576642335766,4.37956204379562
"E00176683",133,10,12,87,24,77,6,6,48,17,56,4,6,39,7,7.5187969924812,9.02255639097744,65.4135338345865,18.0451127819549,57.8947368421053,4.51127819548872,4.51127819548872,36.0902255639098,12.781954887218,42.1052631578947,3.00751879699248,4.51127819548872,29.3233082706767,5.26315789473684
"E00176684",172,10,17,115,30,100,1,8,71,20,72,9,9,44,10,5.81395348837209,9.88372093023256,66.8604651162791,17.4418604651163,58.1395348837209,0.581395348837209,4.65116279069767,41.2790697674419,11.6279069767442,41.8604651162791,5.23255813953488,5.23255813953488,25.5813953488372,5.81395348837209
"E00176685",97,9,31,47,10,44,5,3,31,5,53,4,28,16,5,9.27835051546392,31.9587628865979,48.4536082474227,10.3092783505155,45.360824742268,5.15463917525773,3.09278350515464,31.9587628865979,5.15463917525773,54.639175257732,4.12371134020619,28.8659793814433,16.4948453608247,5.15463917525773
"E00176686",106,8,11,77,10,57,4,1,43,9,49,4,10,34,1,7.54716981132075,10.377358490566,72.6415094339623,9.43396226415094,53.7735849056604,3.77358490566038,0.943396226415094,40.5660377358491,8.49056603773585,46.2264150943396,3.77358490566038,9.43396226415094,32.0754716981132,0.943396226415094
"E00176687",389,212,78,78,21,194,89,46,44,15,195,123,32,34,6,54.4987146529563,20.0514138817481,20.0514138817481,5.39845758354756,49.8714652956298,22.879177377892,11.8251928020566,11.3110539845758,3.8560411311054,50.1285347043702,31.6195372750643,8.22622107969152,8.74035989717224,1.54241645244216
"E00176688",341,248,67,23,3,137,91,31,12,3,204,157,36,11,0,72.7272727272727,19.6480938416422,6.74486803519062,0.879765395894428,40.1759530791789,26.6862170087977,9.09090909090909,3.51906158357771,0.879765395894428,59.8240469208211,46.0410557184751,10.5571847507331,3.2258064516129,0
"E00176689",141,94,28,18,1,62,39,12,11,0,79,55,16,7,1,66.6666666666667,19.8581560283688,12.7659574468085,0.709219858156028,43.9716312056738,27.6595744680851,8.51063829787234,7.80141843971631,0,56.0283687943262,39.0070921985816,11.3475177304965,4.9645390070922,0.709219858156028
"E00176690",66,35,14,16,1,23,12,4,6,1,43,23,10,10,0,53.030303030303,21.2121212121212,24.2424242424242,1.51515151515152,34.8484848484849,18.1818181818182,6.06060606060606,9.09090909090909,1.51515151515152,65.1515151515152,34.8484848484849,15.1515151515152,15.1515151515152,0
"E00176691",81,32,15,22,12,32,8,3,14,7,49,24,12,8,5,39.5061728395062,18.5185185185185,27.1604938271605,14.8148148148148,39.5061728395062,9.87654320987654,3.7037037037037,17.2839506172839,8.64197530864197,60.4938271604938,29.6296296296296,14.8148148148148,9.87654320987654,6.17283950617284
"E00176692",126,15,28,68,15,70,9,10,42,9,56,6,18,26,6,11.9047619047619,22.2222222222222,53.968253968254,11.9047619047619,55.5555555555556,7.14285714285714,7.93650793650794,33.3333333333333,7.14285714285714,44.4444444444444,4.76190476190476,14.2857142857143,20.6349206349206,4.76190476190476
"E00176693",69,8,14,41,6,41,3,9,27,2,28,5,5,14,4,11.5942028985507,20.2898550724638,59.4202898550725,8.69565217391304,59.4202898550725,4.34782608695652,13.0434782608696,39.1304347826087,2.89855072463768,40.5797101449275,7.2463768115942,7.2463768115942,20.2898550724638,5.79710144927536
"E00176694",90,19,17,42,12,46,7,5,25,9,44,12,12,17,3,21.1111111111111,18.8888888888889,46.6666666666667,13.3333333333333,51.1111111111111,7.77777777777778,5.55555555555556,27.7777777777778,10,48.8888888888889,13.3333333333333,13.3333333333333,18.8888888888889,3.33333333333333
"E00176695",102,21,13,51,17,61,10,4,34,13,41,11,9,17,4,20.5882352941176,12.7450980392157,50,16.6666666666667,59.8039215686275,9.80392156862745,3.92156862745098,33.3333333333333,12.7450980392157,40.1960784313725,10.7843137254902,8.82352941176471,16.6666666666667,3.92156862745098
"E00176696",171,10,57,91,13,78,3,19,47,9,93,7,38,44,4,5.84795321637427,33.3333333333333,53.2163742690059,7.60233918128655,45.6140350877193,1.75438596491228,11.1111111111111,27.4853801169591,5.26315789473684,54.3859649122807,4.09356725146199,22.2222222222222,25.7309941520468,2.33918128654971
"E00176697",140,7,26,91,16,82,2,9,58,13,58,5,17,33,3,5,18.5714285714286,65,11.4285714285714,58.5714285714286,1.42857142857143,6.42857142857143,41.4285714285714,9.28571428571429,41.4285714285714,3.57142857142857,12.1428571428571,23.5714285714286,2.14285714285714
"E00176698",155,106,34,12,3,56,37,11,5,3,99,69,23,7,0,68.3870967741936,21.9354838709677,7.74193548387097,1.93548387096774,36.1290322580645,23.8709677419355,7.09677419354839,3.2258064516129,1.93548387096774,63.8709677419355,44.5161290322581,14.8387096774194,4.51612903225806,0
"E00176699",80,5,25,46,4,40,3,9,25,3,40,2,16,21,1,6.25,31.25,57.5,5,50,3.75,11.25,31.25,3.75,50,2.5,20,26.25,1.25
"E00176700",140,5,18,103,14,83,3,8,66,6,57,2,10,37,8,3.57142857142857,12.8571428571429,73.5714285714286,10,59.2857142857143,2.14285714285714,5.71428571428571,47.1428571428571,4.28571428571429,40.7142857142857,1.42857142857143,7.14285714285714,26.4285714285714,5.71428571428571
"E00176701",169,7,10,120,32,119,4,5,84,26,50,3,5,36,6,4.14201183431953,5.91715976331361,71.0059171597633,18.9349112426036,70.414201183432,2.36686390532544,2.9585798816568,49.7041420118343,15.3846153846154,29.585798816568,1.77514792899408,2.9585798816568,21.301775147929,3.55029585798817
"E00176702",86,35,15,31,5,44,15,10,18,1,42,20,5,13,4,40.6976744186046,17.4418604651163,36.046511627907,5.81395348837209,51.1627906976744,17.4418604651163,11.6279069767442,20.9302325581395,1.16279069767442,48.8372093023256,23.2558139534884,5.81395348837209,15.1162790697674,4.65116279069767
"E00176703",188,7,19,139,23,100,4,4,78,14,88,3,15,61,9,3.72340425531915,10.1063829787234,73.936170212766,12.2340425531915,53.1914893617021,2.12765957446809,2.12765957446809,41.4893617021277,7.4468085106383,46.8085106382979,1.59574468085106,7.97872340425532,32.4468085106383,4.78723404255319
"E00176704",86,7,20,55,4,46,3,7,33,3,40,4,13,22,1,8.13953488372093,23.2558139534884,63.953488372093,4.65116279069767,53.4883720930233,3.48837209302326,8.13953488372093,38.3720930232558,3.48837209302326,46.5116279069767,4.65116279069767,15.1162790697674,25.5813953488372,1.16279069767442
"E00176705",71,10,9,47,5,44,6,5,29,4,27,4,4,18,1,14.0845070422535,12.6760563380282,66.1971830985916,7.04225352112676,61.9718309859155,8.45070422535211,7.04225352112676,40.8450704225352,5.63380281690141,38.0281690140845,5.63380281690141,5.63380281690141,25.3521126760563,1.40845070422535
"E00176706",196,6,28,142,20,100,1,8,77,14,96,5,20,65,6,3.06122448979592,14.2857142857143,72.4489795918367,10.2040816326531,51.0204081632653,0.510204081632653,4.08163265306122,39.2857142857143,7.14285714285714,48.9795918367347,2.55102040816327,10.2040816326531,33.1632653061224,3.06122448979592
"E00176707",128,6,17,98,7,73,2,2,64,5,55,4,15,34,2,4.6875,13.28125,76.5625,5.46875,57.03125,1.5625,1.5625,50,3.90625,42.96875,3.125,11.71875,26.5625,1.5625
"E00176708",35,2,11,20,2,14,1,4,7,2,21,1,7,13,0,5.71428571428571,31.4285714285714,57.1428571428571,5.71428571428571,40,2.85714285714286,11.4285714285714,20,5.71428571428571,60,2.85714285714286,20,37.1428571428571,0
"E00176709",79,46,15,13,5,41,23,7,9,2,38,23,8,4,3,58.2278481012658,18.9873417721519,16.4556962025316,6.32911392405063,51.8987341772152,29.1139240506329,8.86075949367089,11.3924050632911,2.53164556962025,48.1012658227848,29.1139240506329,10.126582278481,5.06329113924051,3.79746835443038
"E00176710",57,14,15,25,3,34,8,7,16,3,23,6,8,9,0,24.5614035087719,26.3157894736842,43.859649122807,5.26315789473684,59.6491228070175,14.0350877192982,12.280701754386,28.0701754385965,5.26315789473684,40.3508771929825,10.5263157894737,14.0350877192982,15.7894736842105,0
"E00176711",140,77,31,26,6,70,31,18,17,4,70,46,13,9,2,55,22.1428571428571,18.5714285714286,4.28571428571429,50,22.1428571428571,12.8571428571429,12.1428571428571,2.85714285714286,50,32.8571428571429,9.28571428571429,6.42857142857143,1.42857142857143
"E00176712",89,32,15,38,4,36,12,6,15,3,53,20,9,23,1,35.9550561797753,16.8539325842697,42.6966292134831,4.49438202247191,40.4494382022472,13.4831460674157,6.74157303370786,16.8539325842697,3.37078651685393,59.5505617977528,22.4719101123595,10.1123595505618,25.8426966292135,1.12359550561798
"E00176713",111,66,32,11,2,44,28,9,6,1,67,38,23,5,1,59.4594594594595,28.8288288288288,9.90990990990991,1.8018018018018,39.6396396396396,25.2252252252252,8.10810810810811,5.40540540540541,0.900900900900901,60.3603603603604,34.2342342342342,20.7207207207207,4.5045045045045,0.900900900900901
"E00176714",54,8,12,32,2,27,5,6,14,2,27,3,6,18,0,14.8148148148148,22.2222222222222,59.2592592592593,3.7037037037037,50,9.25925925925926,11.1111111111111,25.9259259259259,3.7037037037037,50,5.55555555555556,11.1111111111111,33.3333333333333,0
"E00176715",25,2,5,13,5,15,0,1,9,5,10,2,4,4,0,8,20,52,20,60,0,4,36,20,40,8,16,16,0
"E00176716",132,6,10,91,25,79,3,5,49,22,53,3,5,42,3,4.54545454545455,7.57575757575758,68.9393939393939,18.9393939393939,59.8484848484849,2.27272727272727,3.78787878787879,37.1212121212121,16.6666666666667,40.1515151515151,2.27272727272727,3.78787878787879,31.8181818181818,2.27272727272727
"E00176717",51,5,6,35,5,32,3,2,23,4,19,2,4,12,1,9.80392156862745,11.7647058823529,68.6274509803922,9.80392156862745,62.7450980392157,5.88235294117647,3.92156862745098,45.0980392156863,7.84313725490196,37.2549019607843,3.92156862745098,7.84313725490196,23.5294117647059,1.96078431372549
"E00176718",52,3,20,24,5,25,1,9,11,4,27,2,11,13,1,5.76923076923077,38.4615384615385,46.1538461538462,9.61538461538462,48.0769230769231,1.92307692307692,17.3076923076923,21.1538461538462,7.69230769230769,51.9230769230769,3.84615384615385,21.1538461538462,25,1.92307692307692
"E00176719",151,5,14,115,17,75,4,4,55,12,76,1,10,60,5,3.3112582781457,9.27152317880795,76.158940397351,11.2582781456954,49.6688741721854,2.64900662251656,2.64900662251656,36.4238410596026,7.94701986754967,50.3311258278146,0.662251655629139,6.62251655629139,39.7350993377483,3.3112582781457
"E00176720",153,15,26,98,14,80,2,12,57,9,73,13,14,41,5,9.80392156862745,16.9934640522876,64.0522875816993,9.15032679738562,52.2875816993464,1.30718954248366,7.84313725490196,37.2549019607843,5.88235294117647,47.7124183006536,8.49673202614379,9.15032679738562,26.797385620915,3.26797385620915
"E00176721",154,9,21,98,26,88,4,8,56,20,66,5,13,42,6,5.84415584415584,13.6363636363636,63.6363636363636,16.8831168831169,57.1428571428571,2.5974025974026,5.19480519480519,36.3636363636364,12.987012987013,42.8571428571429,3.24675324675325,8.44155844155844,27.2727272727273,3.8961038961039
"E00176722",196,7,28,127,34,102,2,4,73,23,94,5,24,54,11,3.57142857142857,14.2857142857143,64.7959183673469,17.3469387755102,52.0408163265306,1.02040816326531,2.04081632653061,37.2448979591837,11.734693877551,47.9591836734694,2.55102040816327,12.2448979591837,27.5510204081633,5.61224489795918
"E00176723",145,14,21,72,38,68,6,4,37,21,77,8,17,35,17,9.6551724137931,14.4827586206897,49.6551724137931,26.2068965517241,46.8965517241379,4.13793103448276,2.75862068965517,25.5172413793103,14.4827586206897,53.1034482758621,5.51724137931035,11.7241379310345,24.1379310344828,11.7241379310345
"E00176724",95,6,21,59,9,45,1,8,31,5,50,5,13,28,4,6.31578947368421,22.1052631578947,62.1052631578947,9.47368421052632,47.3684210526316,1.05263157894737,8.42105263157895,32.6315789473684,5.26315789473684,52.6315789473684,5.26315789473684,13.6842105263158,29.4736842105263,4.21052631578947
"E00176725",126,7,9,80,30,77,5,3,48,21,49,2,6,32,9,5.55555555555556,7.14285714285714,63.4920634920635,23.8095238095238,61.1111111111111,3.96825396825397,2.38095238095238,38.0952380952381,16.6666666666667,38.8888888888889,1.58730158730159,4.76190476190476,25.3968253968254,7.14285714285714
"E00176726",124,30,24,64,6,67,10,10,41,6,57,20,14,23,0,24.1935483870968,19.3548387096774,51.6129032258064,4.83870967741935,54.0322580645161,8.06451612903226,8.06451612903226,33.0645161290323,4.83870967741935,45.9677419354839,16.1290322580645,11.2903225806452,18.5483870967742,0
"E00176727",127,13,26,77,11,61,4,12,39,6,66,9,14,38,5,10.2362204724409,20.4724409448819,60.6299212598425,8.66141732283465,48.0314960629921,3.1496062992126,9.44881889763779,30.7086614173228,4.7244094488189,51.9685039370079,7.08661417322835,11.0236220472441,29.9212598425197,3.93700787401575
"E00176728",201,24,42,88,47,178,23,35,76,44,23,1,7,12,3,11.9402985074627,20.8955223880597,43.7810945273632,23.3830845771144,88.5572139303483,11.4427860696517,17.4129353233831,37.8109452736318,21.8905472636816,11.4427860696517,0.497512437810945,3.48258706467662,5.97014925373134,1.49253731343284
"E00176729",121,3,33,72,13,61,1,8,39,13,60,2,25,33,0,2.47933884297521,27.2727272727273,59.504132231405,10.7438016528926,50.4132231404959,0.826446280991736,6.61157024793388,32.2314049586777,10.7438016528926,49.5867768595041,1.65289256198347,20.6611570247934,27.2727272727273,0
"E00176730",73,2,7,56,8,41,1,1,34,5,32,1,6,22,3,2.73972602739726,9.58904109589041,76.7123287671233,10.958904109589,56.1643835616438,1.36986301369863,1.36986301369863,46.5753424657534,6.84931506849315,43.8356164383562,1.36986301369863,8.21917808219178,30.1369863013699,4.10958904109589
"E00176731",46,8,7,26,5,25,4,2,15,4,21,4,5,11,1,17.3913043478261,15.2173913043478,56.5217391304348,10.8695652173913,54.3478260869565,8.69565217391304,4.34782608695652,32.6086956521739,8.69565217391304,45.6521739130435,8.69565217391304,10.8695652173913,23.9130434782609,2.17391304347826
"E00176732",124,13,42,61,8,78,5,24,42,7,46,8,18,19,1,10.4838709677419,33.8709677419355,49.1935483870968,6.45161290322581,62.9032258064516,4.03225806451613,19.3548387096774,33.8709677419355,5.64516129032258,37.0967741935484,6.45161290322581,14.5161290322581,15.3225806451613,0.806451612903226
"E00176733",62,16,12,30,4,36,4,10,18,4,26,12,2,12,0,25.8064516129032,19.3548387096774,48.3870967741936,6.45161290322581,58.0645161290323,6.45161290322581,16.1290322580645,29.0322580645161,6.45161290322581,41.9354838709677,19.3548387096774,3.2258064516129,19.3548387096774,0
"E00176734",74,6,9,51,8,38,3,4,26,5,36,3,5,25,3,8.10810810810811,12.1621621621622,68.9189189189189,10.8108108108108,51.3513513513513,4.05405405405405,5.40540540540541,35.1351351351351,6.75675675675676,48.6486486486487,4.05405405405405,6.75675675675676,33.7837837837838,4.05405405405405
"E00176735",114,13,16,71,14,67,3,7,45,12,47,10,9,26,2,11.4035087719298,14.0350877192982,62.280701754386,12.280701754386,58.7719298245614,2.63157894736842,6.14035087719298,39.4736842105263,10.5263157894737,41.2280701754386,8.7719298245614,7.89473684210526,22.8070175438596,1.75438596491228
"E00176736",155,11,17,103,24,88,5,6,60,17,67,6,11,43,7,7.09677419354839,10.9677419354839,66.4516129032258,15.4838709677419,56.7741935483871,3.2258064516129,3.87096774193548,38.7096774193548,10.9677419354839,43.2258064516129,3.87096774193548,7.09677419354839,27.741935483871,4.51612903225806
"E00176737",127,17,14,85,11,84,9,11,56,8,43,8,3,29,3,13.3858267716535,11.0236220472441,66.9291338582677,8.66141732283465,66.1417322834646,7.08661417322835,8.66141732283465,44.0944881889764,6.2992125984252,33.8582677165354,6.2992125984252,2.36220472440945,22.8346456692913,2.36220472440945
"E00176738",30,7,9,13,1,16,4,2,9,1,14,3,7,4,0,23.3333333333333,30,43.3333333333333,3.33333333333333,53.3333333333333,13.3333333333333,6.66666666666667,30,3.33333333333333,46.6666666666667,10,23.3333333333333,13.3333333333333,0
"E00176739",153,17,16,96,24,83,5,8,52,18,70,12,8,44,6,11.1111111111111,10.4575163398693,62.7450980392157,15.6862745098039,54.2483660130719,3.26797385620915,5.22875816993464,33.9869281045752,11.7647058823529,45.7516339869281,7.84313725490196,5.22875816993464,28.7581699346405,3.92156862745098
"E00176740",87,47,10,22,8,43,19,6,12,6,44,28,4,10,2,54.0229885057471,11.4942528735632,25.2873563218391,9.19540229885057,49.4252873563218,21.8390804597701,6.89655172413793,13.7931034482759,6.89655172413793,50.5747126436782,32.183908045977,4.59770114942529,11.4942528735632,2.29885057471264
"E00176741",57,6,13,33,5,30,0,5,20,5,27,6,8,13,0,10.5263157894737,22.8070175438596,57.8947368421053,8.7719298245614,52.6315789473684,0,8.7719298245614,35.0877192982456,8.7719298245614,47.3684210526316,10.5263157894737,14.0350877192982,22.8070175438596,0
"E00176742",118,4,21,81,12,58,1,6,42,9,60,3,15,39,3,3.38983050847458,17.7966101694915,68.6440677966102,10.1694915254237,49.1525423728814,0.847457627118644,5.08474576271187,35.5932203389831,7.6271186440678,50.8474576271186,2.54237288135593,12.7118644067797,33.0508474576271,2.54237288135593
"E00176743",131,4,30,79,18,69,0,7,48,14,62,4,23,31,4,3.05343511450382,22.9007633587786,60.3053435114504,13.7404580152672,52.6717557251908,0,5.34351145038168,36.6412213740458,10.6870229007634,47.3282442748092,3.05343511450382,17.5572519083969,23.6641221374046,3.05343511450382
"E00176744",64,37,12,12,3,26,16,2,6,2,38,21,10,6,1,57.8125,18.75,18.75,4.6875,40.625,25,3.125,9.375,3.125,59.375,32.8125,15.625,9.375,1.5625
"E00176745",129,5,27,83,14,57,0,4,46,7,72,5,23,37,7,3.87596899224806,20.9302325581395,64.3410852713178,10.8527131782946,44.1860465116279,0,3.10077519379845,35.6589147286822,5.42635658914729,55.8139534883721,3.87596899224806,17.8294573643411,28.6821705426357,5.42635658914729
"E00176746",223,15,33,145,30,121,7,9,85,20,102,8,24,60,10,6.72645739910314,14.7982062780269,65.0224215246637,13.4529147982063,54.2600896860987,3.1390134529148,4.03587443946188,38.1165919282511,8.96860986547085,45.7399103139013,3.58744394618834,10.762331838565,26.9058295964126,4.48430493273543
"E00176747",44,8,10,24,2,24,2,6,15,1,20,6,4,9,1,18.1818181818182,22.7272727272727,54.5454545454545,4.54545454545455,54.5454545454545,4.54545454545455,13.6363636363636,34.0909090909091,2.27272727272727,45.4545454545455,13.6363636363636,9.09090909090909,20.4545454545455,2.27272727272727
"E00176748",120,11,9,82,18,75,9,2,52,12,45,2,7,30,6,9.16666666666667,7.5,68.3333333333333,15,62.5,7.5,1.66666666666667,43.3333333333333,10,37.5,1.66666666666667,5.83333333333333,25,5
"E00176749",190,10,14,132,34,124,6,6,88,24,66,4,8,44,10,5.26315789473684,7.36842105263158,69.4736842105263,17.8947368421053,65.2631578947368,3.15789473684211,3.15789473684211,46.3157894736842,12.6315789473684,34.7368421052632,2.10526315789474,4.21052631578947,23.1578947368421,5.26315789473684
"E00176750",113,12,30,65,6,53,1,5,41,6,60,11,25,24,0,10.6194690265487,26.5486725663717,57.5221238938053,5.30973451327434,46.9026548672566,0.884955752212389,4.42477876106195,36.283185840708,5.30973451327434,53.0973451327434,9.73451327433628,22.1238938053097,21.2389380530973,0
"E00176751",134,4,22,100,8,61,2,3,49,7,73,2,19,51,1,2.98507462686567,16.4179104477612,74.6268656716418,5.97014925373134,45.5223880597015,1.49253731343284,2.23880597014925,36.5671641791045,5.22388059701492,54.4776119402985,1.49253731343284,14.1791044776119,38.0597014925373,0.746268656716418
"E00176752",106,6,23,62,15,54,2,9,35,8,52,4,14,27,7,5.66037735849057,21.6981132075472,58.4905660377358,14.1509433962264,50.9433962264151,1.88679245283019,8.49056603773585,33.0188679245283,7.54716981132075,49.0566037735849,3.77358490566038,13.2075471698113,25.4716981132075,6.60377358490566
"E00176753",66,5,23,36,2,29,1,7,20,1,37,4,16,16,1,7.57575757575758,34.8484848484849,54.5454545454545,3.03030303030303,43.9393939393939,1.51515151515152,10.6060606060606,30.3030303030303,1.51515151515152,56.0606060606061,6.06060606060606,24.2424242424242,24.2424242424242,1.51515151515152
"E00176754",81,12,20,43,6,46,3,9,28,6,35,9,11,15,0,14.8148148148148,24.6913580246914,53.0864197530864,7.40740740740741,56.7901234567901,3.7037037037037,11.1111111111111,34.5679012345679,7.40740740740741,43.2098765432099,11.1111111111111,13.5802469135802,18.5185185185185,0
"E00176755",107,12,28,59,8,47,2,7,30,8,60,10,21,29,0,11.214953271028,26.1682242990654,55.1401869158878,7.47663551401869,43.9252336448598,1.86915887850467,6.54205607476635,28.0373831775701,7.47663551401869,56.0747663551402,9.34579439252336,19.6261682242991,27.1028037383178,0
"E00176756",148,4,9,113,22,93,2,3,73,15,55,2,6,40,7,2.7027027027027,6.08108108108108,76.3513513513514,14.8648648648649,62.8378378378378,1.35135135135135,2.02702702702703,49.3243243243243,10.1351351351351,37.1621621621622,1.35135135135135,4.05405405405405,27.027027027027,4.72972972972973
"E00176757",133,8,11,97,17,77,2,4,60,11,56,6,7,37,6,6.01503759398496,8.27067669172932,72.9323308270677,12.781954887218,57.8947368421053,1.50375939849624,3.00751879699248,45.1127819548872,8.27067669172932,42.1052631578947,4.51127819548872,5.26315789473684,27.8195488721804,4.51127819548872
"E00176758",149,98,25,21,5,58,29,15,10,4,91,69,10,11,1,65.7718120805369,16.7785234899329,14.0939597315436,3.35570469798658,38.9261744966443,19.4630872483221,10.0671140939597,6.71140939597315,2.68456375838926,61.0738255033557,46.3087248322148,6.71140939597315,7.38255033557047,0.671140939597315
"E00176759",80,10,28,34,8,33,4,4,19,6,47,6,24,15,2,12.5,35,42.5,10,41.25,5,5,23.75,7.5,58.75,7.5,30,18.75,2.5
"E00176760",60,4,12,39,5,28,0,3,22,3,32,4,9,17,2,6.66666666666667,20,65,8.33333333333333,46.6666666666667,0,5,36.6666666666667,5,53.3333333333333,6.66666666666667,15,28.3333333333333,3.33333333333333
"E00176761",118,6,27,67,18,56,2,5,34,15,62,4,22,33,3,5.08474576271187,22.8813559322034,56.7796610169492,15.2542372881356,47.4576271186441,1.69491525423729,4.23728813559322,28.8135593220339,12.7118644067797,52.5423728813559,3.38983050847458,18.6440677966102,27.9661016949153,2.54237288135593
"E00176762",61,5,20,32,4,28,2,6,16,4,33,3,14,16,0,8.19672131147541,32.7868852459016,52.4590163934426,6.55737704918033,45.9016393442623,3.27868852459016,9.83606557377049,26.2295081967213,6.55737704918033,54.0983606557377,4.91803278688525,22.9508196721311,26.2295081967213,0
"E00176763",36,2,17,17,0,16,0,8,8,0,20,2,9,9,0,5.55555555555556,47.2222222222222,47.2222222222222,0,44.4444444444444,0,22.2222222222222,22.2222222222222,0,55.5555555555556,5.55555555555556,25,25,0
"E00176764",94,6,21,59,8,48,2,4,34,8,46,4,17,25,0,6.38297872340426,22.3404255319149,62.7659574468085,8.51063829787234,51.063829787234,2.12765957446809,4.25531914893617,36.1702127659575,8.51063829787234,48.936170212766,4.25531914893617,18.0851063829787,26.5957446808511,0
"E00176765",129,2,23,83,21,66,2,2,47,15,63,0,21,36,6,1.55038759689922,17.8294573643411,64.3410852713178,16.2790697674419,51.1627906976744,1.55038759689922,1.55038759689922,36.4341085271318,11.6279069767442,48.8372093023256,0,16.2790697674419,27.906976744186,4.65116279069767
"E00176766",136,11,22,90,13,89,5,14,58,12,47,6,8,32,1,8.08823529411765,16.1764705882353,66.1764705882353,9.55882352941176,65.4411764705882,3.67647058823529,10.2941176470588,42.6470588235294,8.82352941176471,34.5588235294118,4.41176470588235,5.88235294117647,23.5294117647059,0.735294117647059
"E00176767",96,9,22,55,10,48,2,8,31,7,48,7,14,24,3,9.375,22.9166666666667,57.2916666666667,10.4166666666667,50,2.08333333333333,8.33333333333333,32.2916666666667,7.29166666666667,50,7.29166666666667,14.5833333333333,25,3.125
"E00176768",126,18,26,75,7,60,5,7,42,6,66,13,19,33,1,14.2857142857143,20.6349206349206,59.5238095238095,5.55555555555556,47.6190476190476,3.96825396825397,5.55555555555556,33.3333333333333,4.76190476190476,52.3809523809524,10.3174603174603,15.0793650793651,26.1904761904762,0.793650793650794
"E00176769",131,6,17,100,8,81,4,7,63,7,50,2,10,37,1,4.58015267175572,12.9770992366412,76.3358778625954,6.10687022900763,61.8320610687023,3.05343511450382,5.34351145038168,48.0916030534351,5.34351145038168,38.1679389312977,1.52671755725191,7.63358778625954,28.2442748091603,0.763358778625954
"E00176770",323,22,134,141,26,290,22,121,121,26,33,0,13,20,0,6.81114551083591,41.4860681114551,43.6532507739938,8.04953560371517,89.7832817337461,6.81114551083591,37.4613003095975,37.4613003095975,8.04953560371517,10.2167182662539,0,4.02476780185759,6.19195046439629,0
"E00176771",215,134,29,39,13,59,20,9,22,8,156,114,20,17,5,62.3255813953488,13.4883720930233,18.1395348837209,6.04651162790698,27.4418604651163,9.30232558139535,4.18604651162791,10.2325581395349,3.72093023255814,72.5581395348837,53.0232558139535,9.30232558139535,7.90697674418605,2.32558139534884
"E00176772",134,15,37,67,15,70,5,9,45,11,64,10,28,22,4,11.1940298507463,27.6119402985075,50,11.1940298507463,52.2388059701493,3.73134328358209,6.71641791044776,33.5820895522388,8.2089552238806,47.7611940298507,7.46268656716418,20.8955223880597,16.4179104477612,2.98507462686567
"E00176773",121,7,26,71,17,69,5,8,42,14,52,2,18,29,3,5.78512396694215,21.4876033057851,58.6776859504132,14.0495867768595,57.0247933884297,4.13223140495868,6.61157024793388,34.7107438016529,11.5702479338843,42.9752066115703,1.65289256198347,14.8760330578512,23.9669421487603,2.47933884297521
"E00176774",35,4,10,20,1,19,1,2,16,0,16,3,8,4,1,11.4285714285714,28.5714285714286,57.1428571428571,2.85714285714286,54.2857142857143,2.85714285714286,5.71428571428571,45.7142857142857,0,45.7142857142857,8.57142857142857,22.8571428571429,11.4285714285714,2.85714285714286
