"GeographyCode","KS604EW0001","KS604EW0002","KS604EW0003","KS604EW0004","KS604EW0005","KS604EW0006","KS604EW0007","KS604EW0008","KS604EW0009","KS604EW0010","KS604EW0011","KS604EW0012","KS604EW0013","KS604EW0014","KS604EW0015","KS604EW0016","KS604EW0017","KS604EW0018","KS604EW0019","KS604EW0020","KS604EW0021","KS604EW0022","KS604EW0023","KS604EW0024","KS604EW0025","KS604EW0026","KS604EW0027","KS604EW0028","KS604EW0029"
"E01006512",513,86,99,262,66,287,36,46,149,56,226,50,53,113,10,16.7641325536062,19.2982456140351,51.0721247563353,12.8654970760234,55.9454191033138,7.01754385964912,8.96686159844054,29.0448343079922,10.916179337232,44.0545808966862,9.74658869395711,10.3313840155945,22.0272904483431,1.94931773879142
"E01006513",1052,354,189,410,99,538,149,78,246,65,514,205,111,164,34,33.6501901140684,17.9657794676806,38.9733840304183,9.4106463878327,51.1406844106464,14.1634980988593,7.41444866920152,23.384030418251,6.1787072243346,48.8593155893536,19.4866920152091,10.5513307984791,15.5893536121673,3.2319391634981
"E01006514",926,237,188,409,92,503,105,79,254,65,423,132,109,155,27,25.5939524838013,20.3023758099352,44.1684665226782,9.93520518358531,54.3196544276458,11.3390928725702,8.53131749460043,27.4298056155508,7.01943844492441,45.6803455723542,14.2548596112311,11.7710583153348,16.7386609071274,2.91576673866091
"E01006515",482,49,99,284,50,247,23,28,161,35,235,26,71,123,15,10.1659751037344,20.5394190871369,58.9211618257261,10.3734439834025,51.2448132780083,4.77178423236515,5.80912863070539,33.402489626556,7.26141078838174,48.7551867219917,5.39419087136929,14.7302904564315,25.5186721991701,3.11203319502075
"E01006518",562,40,165,318,39,283,17,58,181,27,279,23,107,137,12,7.11743772241993,29.3594306049822,56.5836298932384,6.93950177935943,50.355871886121,3.02491103202847,10.3202846975089,32.2064056939502,4.80427046263345,49.644128113879,4.09252669039146,19.0391459074733,24.3772241992883,2.13523131672598
"E01006519",643,58,124,384,77,314,20,31,212,51,329,38,93,172,26,9.02021772939347,19.2846034214619,59.7200622083981,11.9751166407465,48.8335925349922,3.1104199066874,4.82115085536547,32.9704510108865,7.93157076205288,51.1664074650078,5.90979782270607,14.4634525660964,26.7496111975117,4.04354587869362
"E01006520",1049,48,130,705,166,551,18,68,360,105,498,30,62,345,61,4.57578646329838,12.3927550047664,67.2068636796949,15.8245948522402,52.5262154432793,1.71591992373689,6.48236415633937,34.3183984747378,10.0095328884652,47.4737845567207,2.85986653956149,5.91039084842707,32.8884652049571,5.81506196377502
"E01006521",799,64,112,512,111,435,26,38,291,80,364,38,74,221,31,8.01001251564456,14.017521902378,64.0801001251564,13.892365456821,54.4430538172716,3.2540675844806,4.75594493116396,36.4205256570713,10.0125156445557,45.5569461827284,4.75594493116396,9.26157697121402,27.6595744680851,3.87984981226533
"E01006522",1027,65,97,699,166,573,35,46,377,115,454,30,51,322,51,6.32911392405063,9.44498539435248,68.062317429406,16.1635832521908,55.7935735150925,3.40798442064265,4.47906523855891,36.7088607594937,11.1976630963973,44.2064264849075,2.92112950340798,4.96592015579357,31.3534566699124,4.96592015579357
"E01006523",812,51,132,507,122,413,26,61,247,79,399,25,71,260,43,6.2807881773399,16.256157635468,62.4384236453202,15.0246305418719,50.8620689655172,3.20197044334975,7.51231527093596,30.4187192118227,9.72906403940887,49.1379310344828,3.07881773399015,8.74384236453202,32.0197044334975,5.29556650246305
"E01006524",767,175,112,372,108,412,84,40,209,79,355,91,72,163,29,22.8161668839635,14.6023468057366,48.5006518904824,14.0808344198175,53.7157757496741,10.9517601043025,5.21512385919166,27.2490221642764,10.2998696219035,46.2842242503259,11.864406779661,9.38722294654498,21.251629726206,3.78096479791395
"E01006525",638,60,121,386,71,339,26,27,233,53,299,34,94,153,18,9.40438871473354,18.9655172413793,60.5015673981191,11.128526645768,53.1347962382445,4.07523510971787,4.23197492163009,36.5203761755486,8.30721003134796,46.8652037617555,5.32915360501567,14.7335423197492,23.9811912225705,2.82131661442006
"E01006526",698,56,128,428,86,348,25,39,230,54,350,31,89,198,32,8.02292263610315,18.3381088825215,61.3180515759312,12.3209169054441,49.8567335243553,3.58166189111748,5.58739255014327,32.9512893982808,7.73638968481375,50.1432664756447,4.44126074498567,12.7507163323782,28.3667621776504,4.58452722063037
"E01006527",658,67,127,388,76,316,25,34,202,55,342,42,93,186,21,10.1823708206687,19.3009118541033,58.9665653495441,11.5501519756839,48.0243161094225,3.79939209726444,5.16717325227964,30.6990881458967,8.35866261398176,51.9756838905775,6.38297872340426,14.1337386018237,28.2674772036474,3.19148936170213
"E01006528",760,72,126,452,110,395,21,44,252,78,365,51,82,200,32,9.47368421052632,16.5789473684211,59.4736842105263,14.4736842105263,51.9736842105263,2.76315789473684,5.78947368421053,33.1578947368421,10.2631578947368,48.0263157894737,6.71052631578947,10.7894736842105,26.3157894736842,4.21052631578947
"E01006529",709,54,114,456,85,349,14,31,250,54,360,40,83,206,31,7.6163610719323,16.0789844851904,64.3159379407616,11.9887165021157,49.2242595204513,1.97461212976023,4.37235543018336,35.2609308885755,7.6163610719323,50.7757404795487,5.64174894217207,11.7066290550071,29.0550070521862,4.37235543018336
"E01006530",648,63,128,386,71,325,17,31,228,49,323,46,97,158,22,9.72222222222222,19.7530864197531,59.5679012345679,10.9567901234568,50.1543209876543,2.62345679012346,4.78395061728395,35.1851851851852,7.56172839506173,49.8456790123457,7.09876543209876,14.9691358024691,24.3827160493827,3.39506172839506
"E01006531",570,39,114,359,58,296,13,28,207,48,274,26,86,152,10,6.8421052631579,20,62.9824561403509,10.1754385964912,51.9298245614035,2.28070175438596,4.91228070175439,36.3157894736842,8.42105263157895,48.0701754385965,4.56140350877193,15.0877192982456,26.6666666666667,1.75438596491228
"E01006532",729,78,129,382,140,399,25,39,233,102,330,53,90,149,38,10.6995884773663,17.6954732510288,52.400548696845,19.2043895747599,54.7325102880658,3.42935528120713,5.34979423868313,31.9615912208505,13.9917695473251,45.2674897119342,7.27023319615912,12.3456790123457,20.4389574759945,5.21262002743484
"E01006533",581,52,136,326,67,310,21,41,193,55,271,31,95,133,12,8.95008605851979,23.407917383821,56.1101549053356,11.5318416523236,53.3562822719449,3.6144578313253,7.05679862306368,33.2185886402754,9.46643717728055,46.6437177280551,5.33562822719449,16.3511187607573,22.8915662650602,2.06540447504303
"E01006534",709,58,161,413,77,363,23,54,231,55,346,35,107,182,22,8.18053596614951,22.7080394922426,58.2510578279267,10.8603667136812,51.1988716502116,3.24400564174894,7.6163610719323,32.5811001410437,7.7574047954866,48.8011283497884,4.93653032440056,15.0916784203103,25.6699576868829,3.10296191819464
"E01006535",739,64,155,442,78,348,27,37,231,53,391,37,118,211,25,8.66035182679296,20.9742895805142,59.8105548037889,10.5548037889039,47.0906630581867,3.65358592692828,5.00676589986468,31.2584573748309,7.17185385656292,52.9093369418133,5.00676589986468,15.9675236806495,28.552097428958,3.382949932341
"E01006536",775,74,187,464,50,356,21,48,250,37,419,53,139,214,13,9.54838709677419,24.1290322580645,59.8709677419355,6.45161290322581,45.9354838709677,2.70967741935484,6.19354838709677,32.258064516129,4.7741935483871,54.0645161290323,6.83870967741935,17.9354838709677,27.6129032258065,1.67741935483871
"E01006537",1167,73,234,744,116,591,20,52,438,81,576,53,182,306,35,6.25535561268209,20.0514138817481,63.7532133676092,9.94001713796058,50.6426735218509,1.71379605826907,4.45586975149957,37.5321336760925,6.94087403598972,49.3573264781491,4.54155955441303,15.5955441302485,26.2210796915167,2.99914310197087
"E01006538",643,56,129,408,50,333,17,26,253,37,310,39,103,155,13,8.70917573872473,20.0622083981337,63.452566096423,7.77604976671851,51.7884914463453,2.64385692068429,4.04354587869362,39.3468118195956,5.7542768273717,48.2115085536547,6.06531881804044,16.0186625194401,24.1057542768274,2.02177293934681
"E01006539",732,99,134,382,117,394,40,42,225,87,338,59,92,157,30,13.5245901639344,18.3060109289618,52.1857923497268,15.9836065573771,53.8251366120219,5.46448087431694,5.73770491803279,30.7377049180328,11.8852459016393,46.1748633879781,8.06010928961749,12.568306010929,21.448087431694,4.0983606557377
"E01006540",487,35,136,268,48,258,18,44,160,36,229,17,92,108,12,7.18685831622177,27.9260780287474,55.0308008213552,9.85626283367557,52.9774127310062,3.69609856262834,9.03490759753593,32.8542094455852,7.39219712525667,47.0225872689938,3.49075975359343,18.8911704312115,22.17659137577,2.46406570841889
"E01006541",717,56,159,456,46,360,11,44,268,37,357,45,115,188,9,7.81032078103208,22.1757322175732,63.5983263598326,6.41562064156206,50.2092050209205,1.53417015341702,6.13668061366806,37.3779637377964,5.16039051603905,49.7907949790795,6.27615062761506,16.0390516039052,26.2203626220363,1.25523012552301
"E01006542",565,59,125,341,40,285,24,33,197,31,280,35,92,144,9,10.4424778761062,22.1238938053097,60.353982300885,7.07964601769912,50.4424778761062,4.24778761061947,5.84070796460177,34.8672566371681,5.48672566371681,49.5575221238938,6.19469026548673,16.283185840708,25.4867256637168,1.5929203539823
"E01006543",626,55,138,393,40,306,17,30,229,30,320,38,108,164,10,8.78594249201278,22.0447284345048,62.779552715655,6.38977635782748,48.8817891373802,2.71565495207668,4.79233226837061,36.5814696485623,4.79233226837061,51.1182108626198,6.0702875399361,17.2523961661342,26.1980830670927,1.59744408945687
"E01006544",561,56,161,313,31,258,12,38,182,26,303,44,123,131,5,9.98217468805704,28.698752228164,55.7932263814617,5.52584670231729,45.9893048128342,2.13903743315508,6.77361853832442,32.4420677361854,4.63458110516934,54.0106951871658,7.84313725490196,21.9251336898396,23.3511586452763,0.89126559714795
"E01006545",670,43,172,415,40,340,15,45,246,34,330,28,127,169,6,6.41791044776119,25.6716417910448,61.9402985074627,5.97014925373134,50.7462686567164,2.23880597014925,6.71641791044776,36.7164179104478,5.07462686567164,49.2537313432836,4.17910447761194,18.955223880597,25.2238805970149,0.895522388059702
"E01006546",546,46,124,341,35,269,13,34,197,25,277,33,90,144,10,8.42490842490843,22.7106227106227,62.4542124542125,6.41025641025641,49.2673992673993,2.38095238095238,6.22710622710623,36.0805860805861,4.57875457875458,50.7326007326007,6.04395604395604,16.4835164835165,26.3736263736264,1.83150183150183
"E01006547",521,51,126,308,36,271,18,39,189,25,250,33,87,119,11,9.78886756238004,24.1842610364683,59.1170825335892,6.90978886756238,52.0153550863724,3.45489443378119,7.48560460652591,36.2763915547025,4.79846449136276,47.9846449136276,6.33397312859885,16.6986564299424,22.8406909788868,2.11132437619962
"E01006548",583,58,160,334,31,287,22,47,195,23,296,36,113,139,8,9.94854202401372,27.4442538593482,57.2898799313894,5.31732418524871,49.2281303602058,3.77358490566038,8.06174957118353,33.4476843910806,3.9451114922813,50.7718696397942,6.17495711835334,19.3825042881647,23.8421955403087,1.37221269296741
"E01006549",820,94,133,483,110,483,57,55,290,81,337,37,78,193,29,11.4634146341463,16.219512195122,58.9024390243902,13.4146341463415,58.9024390243902,6.95121951219512,6.70731707317073,35.3658536585366,9.87804878048781,41.0975609756098,4.51219512195122,9.51219512195122,23.5365853658537,3.53658536585366
"E01006550",583,191,120,228,44,264,70,47,118,29,319,121,73,110,15,32.7615780445969,20.5831903945111,39.1080617495712,7.54716981132075,45.2830188679245,12.0068610634648,8.06174957118353,20.2401372212693,4.97427101200686,54.7169811320755,20.7547169811321,12.5214408233276,18.8679245283019,2.57289879931389
"E01006551",466,90,79,233,64,236,35,25,132,44,230,55,54,101,20,19.31330472103,16.9527896995708,50,13.7339055793991,50.6437768240343,7.51072961373391,5.36480686695279,28.3261802575107,9.44206008583691,49.3562231759657,11.8025751072961,11.587982832618,21.6738197424893,4.29184549356223
"E01006552",646,65,168,341,72,369,34,74,210,51,277,31,94,131,21,10.061919504644,26.0061919504644,52.7863777089783,11.1455108359133,57.1207430340557,5.26315789473684,11.4551083591331,32.5077399380805,7.89473684210526,42.8792569659443,4.79876160990712,14.5510835913313,20.2786377708978,3.25077399380805
"E01006553",873,190,167,438,78,447,81,64,252,50,426,109,103,186,28,21.7640320733104,19.1294387170676,50.1718213058419,8.93470790378007,51.2027491408935,9.27835051546392,7.33104238258877,28.8659793814433,5.72737686139748,48.7972508591065,12.4856815578465,11.7983963344788,21.3058419243986,3.20733104238259
"E01006554",752,143,156,369,84,377,55,66,201,55,375,88,90,168,29,19.0159574468085,20.7446808510638,49.0691489361702,11.1702127659574,50.1329787234042,7.31382978723404,8.77659574468085,26.7287234042553,7.31382978723404,49.8670212765958,11.7021276595745,11.968085106383,22.3404255319149,3.8563829787234
"E01006556",596,77,169,295,55,337,47,70,179,41,259,30,99,116,14,12.9194630872483,28.3557046979866,49.496644295302,9.22818791946309,56.5436241610738,7.88590604026846,11.744966442953,30.0335570469799,6.87919463087248,43.4563758389262,5.03355704697987,16.6107382550336,19.4630872483221,2.3489932885906
"E01006557",739,202,167,331,39,397,86,79,200,32,342,116,88,131,7,27.3342354533153,22.5981055480379,44.7902571041949,5.27740189445196,53.7212449255751,11.637347767253,10.6901217861976,27.063599458728,4.33017591339648,46.2787550744249,15.6968876860622,11.9079837618403,17.7266576454668,0.94722598105548
"E01006558",472,34,126,285,27,251,11,33,186,21,221,23,93,99,6,7.20338983050847,26.6949152542373,60.3813559322034,5.72033898305085,53.1779661016949,2.33050847457627,6.99152542372881,39.4067796610169,4.44915254237288,46.8220338983051,4.8728813559322,19.7033898305085,20.9745762711864,1.27118644067797
"E01006560",525,50,168,273,34,267,16,48,173,30,258,34,120,100,4,9.52380952380952,32,52,6.47619047619048,50.8571428571429,3.04761904761905,9.14285714285714,32.9523809523809,5.71428571428571,49.1428571428571,6.47619047619048,22.8571428571429,19.047619047619,0.761904761904762
"E01006562",468,48,128,253,39,223,12,38,141,32,245,36,90,112,7,10.2564102564103,27.3504273504274,54.0598290598291,8.33333333333333,47.6495726495726,2.56410256410256,8.11965811965812,30.1282051282051,6.83760683760684,52.3504273504274,7.69230769230769,19.2307692307692,23.9316239316239,1.4957264957265
"E01006563",410,32,123,236,19,187,10,33,130,14,223,22,90,106,5,7.80487804878049,30,57.5609756097561,4.63414634146341,45.609756097561,2.4390243902439,8.04878048780488,31.7073170731707,3.41463414634146,54.390243902439,5.36585365853659,21.9512195121951,25.8536585365854,1.21951219512195
"E01006564",683,59,186,396,42,331,16,37,243,35,352,43,149,153,7,8.63836017569546,27.2327964860908,57.9795021961933,6.1493411420205,48.4626647144949,2.34260614934114,5.41727672035139,35.5783308931186,5.12445095168375,51.5373352855051,6.29575402635432,21.8155197657394,22.4011713030747,1.02489019033675
"E01006565",653,57,160,398,38,308,22,45,211,30,345,35,115,187,8,8.72894333843798,24.5022970903522,60.9494640122512,5.81929555895865,47.166921898928,3.36906584992343,6.89127105666156,32.312404287902,4.59418070444104,52.833078101072,5.35987748851455,17.6110260336907,28.6370597243492,1.22511485451761
"E01006566",695,57,151,432,55,363,22,38,259,44,332,35,113,173,11,8.20143884892086,21.726618705036,62.158273381295,7.9136690647482,52.2302158273381,3.16546762589928,5.46762589928058,37.2661870503597,6.33093525179856,47.7697841726619,5.03597122302158,16.2589928057554,24.8920863309352,1.58273381294964
"E01006567",659,60,156,380,63,355,17,49,235,54,304,43,107,145,9,9.10470409711684,23.6722306525038,57.6631259484067,9.55993930197269,53.8694992412747,2.57966616084977,7.43550834597876,35.660091047041,8.19423368740516,46.1305007587253,6.52503793626707,16.236722306525,22.0030349013657,1.36570561456753
"E01006568",733,32,161,484,56,338,14,28,252,44,395,18,133,232,12,4.3656207366985,21.9645293315143,66.0300136425648,7.63983628922237,46.1118690313779,1.90995907230559,3.81991814461119,34.3792633015007,6.00272851296044,53.8881309686221,2.45566166439291,18.1446111869031,31.6507503410641,1.63710777626194
"E01006569",509,43,105,327,34,245,15,22,181,27,264,28,83,146,7,8.44793713163065,20.6286836935167,64.2436149312377,6.67976424361493,48.1335952848723,2.94695481335953,4.32220039292731,35.5599214145383,5.30451866404715,51.8664047151277,5.50098231827112,16.3064833005894,28.6836935166994,1.37524557956778
"E01006570",739,67,147,443,82,392,29,39,259,65,347,38,108,184,17,9.06630581867388,19.8917456021651,59.9458728010825,11.0960757780785,53.0446549391069,3.92422192151556,5.27740189445196,35.0473612990528,8.7956698240866,46.9553450608931,5.14208389715832,14.6143437077131,24.8985115020298,2.30040595399188
"E01006571",557,46,147,322,42,263,15,41,172,35,294,31,106,150,7,8.25852782764812,26.3913824057451,57.8096947935368,7.54039497307002,47.2172351885099,2.69299820466786,7.36086175942549,30.8797127468582,6.28366247755835,52.7827648114901,5.56552962298025,19.0305206463196,26.9299820466786,1.25673249551167
"E01006572",409,46,122,210,31,188,15,26,118,29,221,31,96,92,2,11.2469437652812,29.8288508557457,51.3447432762836,7.57946210268949,45.9657701711491,3.66748166259169,6.35696821515892,28.8508557457213,7.09046454767726,54.0342298288509,7.57946210268949,23.4718826405868,22.4938875305623,0.488997555012225
"E01006573",590,40,127,377,46,293,11,32,215,35,297,29,95,162,11,6.77966101694915,21.5254237288136,63.8983050847458,7.79661016949153,49.6610169491525,1.86440677966102,5.42372881355932,36.4406779661017,5.93220338983051,50.3389830508475,4.91525423728814,16.1016949152542,27.4576271186441,1.86440677966102
"E01006574",512,37,141,297,37,245,9,32,173,31,267,28,109,124,6,7.2265625,27.5390625,58.0078125,7.2265625,47.8515625,1.7578125,6.25,33.7890625,6.0546875,52.1484375,5.46875,21.2890625,24.21875,1.171875
"E01006575",569,55,129,338,47,275,22,26,193,34,294,33,103,145,13,9.66608084358524,22.6713532513181,59.402460456942,8.26010544815466,48.3304042179262,3.86643233743409,4.56942003514938,33.9191564147627,5.97539543057996,51.6695957820738,5.79964850615114,18.1019332161687,25.4833040421793,2.28471001757469
"E01006576",902,54,179,580,89,443,15,37,333,58,459,39,142,247,31,5.98669623059867,19.8447893569845,64.3015521064302,9.8669623059867,49.1130820399113,1.6629711751663,4.1019955654102,36.9179600886918,6.43015521064302,50.8869179600887,4.32372505543237,15.7427937915743,27.3835920177384,3.43680709534368
"E01006577",775,72,164,457,82,374,27,43,251,53,401,45,121,206,29,9.29032258064516,21.1612903225806,58.9677419354839,10.5806451612903,48.258064516129,3.48387096774194,5.54838709677419,32.3870967741935,6.83870967741935,51.741935483871,5.80645161290323,15.6129032258065,26.5806451612903,3.74193548387097
"E01006578",712,61,136,447,68,365,24,31,257,53,347,37,105,190,15,8.56741573033708,19.1011235955056,62.7808988764045,9.55056179775281,51.2640449438202,3.37078651685393,4.35393258426966,36.0955056179775,7.4438202247191,48.7359550561798,5.19662921348315,14.747191011236,26.685393258427,2.10674157303371
"E01006579",800,63,175,483,79,408,22,42,286,58,392,41,133,197,21,7.875,21.875,60.375,9.875,51,2.75,5.25,35.75,7.25,49,5.125,16.625,24.625,2.625
"E01006580",711,70,150,401,90,375,31,42,234,68,336,39,108,167,22,9.84528832630098,21.0970464135021,56.3994374120956,12.6582278481013,52.7426160337553,4.36005625879044,5.90717299578059,32.9113924050633,9.56399437412096,47.2573839662447,5.48523206751055,15.1898734177215,23.4880450070323,3.09423347398031
"E01006581",777,82,160,460,75,390,34,29,281,46,387,48,131,179,29,10.5534105534106,20.5920205920206,59.2020592020592,9.65250965250965,50.1930501930502,4.37580437580438,3.73230373230373,36.1647361647362,5.92020592020592,49.8069498069498,6.17760617760618,16.8597168597169,23.037323037323,3.73230373230373
"E01006582",818,80,175,465,98,406,28,45,264,69,412,52,130,201,29,9.7799511002445,21.3936430317848,56.8459657701711,11.9804400977995,49.6332518337408,3.42298288508557,5.50122249388753,32.2738386308068,8.43520782396088,50.3667481662592,6.35696821515892,15.8924205378973,24.5721271393643,3.54523227383863
"E01006583",769,196,157,332,84,347,44,39,202,62,422,152,118,130,22,25.4876462938882,20.4161248374512,43.1729518855657,10.9232769830949,45.1235370611183,5.72171651495449,5.07152145643693,26.2678803641092,8.06241872561769,54.8764629388817,19.7659297789337,15.3446033810143,16.9050715214564,2.86085825747724
"E01006584",672,56,143,428,45,346,11,37,259,39,326,45,106,169,6,8.33333333333333,21.2797619047619,63.6904761904762,6.69642857142857,51.4880952380952,1.63690476190476,5.50595238095238,38.5416666666667,5.80357142857143,48.5119047619048,6.69642857142857,15.7738095238095,25.1488095238095,0.892857142857143
"E01006585",491,38,112,308,33,241,12,32,172,25,250,26,80,136,8,7.73930753564155,22.8105906313646,62.7291242362525,6.72097759674134,49.0835030549898,2.44399185336049,6.5173116089613,35.030549898167,5.09164969450102,50.9164969450102,5.29531568228106,16.2932790224033,27.6985743380855,1.62932790224033
"E01006586",875,68,190,520,97,443,22,59,292,70,432,46,131,228,27,7.77142857142857,21.7142857142857,59.4285714285714,11.0857142857143,50.6285714285714,2.51428571428571,6.74285714285714,33.3714285714286,8,49.3714285714286,5.25714285714286,14.9714285714286,26.0571428571429,3.08571428571429
"E01006587",805,68,142,505,90,435,28,46,302,59,370,40,96,203,31,8.4472049689441,17.639751552795,62.7329192546584,11.1801242236025,54.0372670807453,3.47826086956522,5.71428571428571,37.5155279503106,7.32919254658385,45.9627329192547,4.96894409937888,11.9254658385093,25.2173913043478,3.85093167701863
"E01006588",831,75,167,507,82,447,36,69,284,58,384,39,98,223,24,9.02527075812274,20.0962695547533,61.0108303249097,9.8676293622142,53.7906137184115,4.33212996389892,8.30324909747292,34.1756919374248,6.97954271961492,46.2093862815885,4.69314079422383,11.7930204572804,26.835138387485,2.88808664259928
"E01006589",789,75,183,471,60,385,22,39,284,40,404,53,144,187,20,9.50570342205323,23.1939163498099,59.6958174904943,7.60456273764259,48.7959442332066,2.78833967046895,4.94296577946768,35.9949302915082,5.06970849176172,51.2040557667934,6.71736375158428,18.2509505703422,23.7008871989861,2.53485424588086
"E01006590",906,87,155,579,85,511,32,62,355,62,395,55,93,224,23,9.60264900662252,17.1081677704194,63.9072847682119,9.38189845474614,56.401766004415,3.53200883002207,6.84326710816777,39.1832229580574,6.84326710816777,43.598233995585,6.07064017660044,10.2649006622517,24.7240618101545,2.53863134657837
"E01006591",867,86,157,522,102,424,40,43,276,65,443,46,114,246,37,9.91926182237601,18.1084198385236,60.2076124567474,11.7647058823529,48.9042675893887,4.61361014994233,4.959630911188,31.8339100346021,7.49711649365629,51.0957324106113,5.30565167243368,13.1487889273356,28.3737024221453,4.26758938869665
"E01006592",763,88,133,421,121,403,30,49,241,83,360,58,84,180,38,11.5334207077326,17.4311926605505,55.1769331585845,15.8584534731324,52.8178243774574,3.93184796854522,6.42201834862385,31.5858453473132,10.8781127129751,47.1821756225426,7.60157273918742,11.0091743119266,23.5910878112713,4.98034076015727
"E01006593",838,77,156,505,100,421,34,45,276,66,417,43,111,229,34,9.18854415274463,18.6157517899761,60.2625298329356,11.9331742243437,50.2386634844869,4.05727923627685,5.36992840095465,32.9355608591885,7.87589498806683,49.7613365155131,5.13126491646778,13.2458233890215,27.326968973747,4.05727923627685
"E01006594",681,68,129,389,95,352,25,36,220,71,329,43,93,169,24,9.98531571218796,18.942731277533,57.1218795888399,13.9500734214391,51.6886930983847,3.67107195301028,5.2863436123348,32.3054331864905,10.4258443465492,48.3113069016153,6.31424375917768,13.6563876651982,24.8164464023495,3.52422907488987
"E01006595",897,59,161,603,74,436,19,42,332,43,461,40,119,271,31,6.57748049052397,17.9487179487179,67.2240802675585,8.24972129319955,48.6064659977703,2.11817168338907,4.68227424749164,37.0122630992196,4.79375696767001,51.3935340022297,4.45930880713489,13.2664437012263,30.2118171683389,3.45596432552954
"E01006596",759,62,148,472,77,384,21,51,261,51,375,41,97,211,26,8.16864295125165,19.4993412384717,62.1870882740448,10.1449275362319,50.5928853754941,2.76679841897233,6.71936758893281,34.3873517786561,6.71936758893281,49.4071146245059,5.40184453227932,12.7799736495389,27.7997364953887,3.42555994729908
"E01006597",837,82,138,485,132,429,33,28,276,92,408,49,110,209,40,9.79689366786141,16.4874551971326,57.9450418160096,15.7706093189964,51.2544802867383,3.9426523297491,3.3452807646356,32.9749103942652,10.9916367980884,48.7455197132617,5.85424133811231,13.142174432497,24.9701314217443,4.77897252090801
"E01006598",369,23,96,222,28,157,5,15,116,21,212,18,81,106,7,6.23306233062331,26.0162601626016,60.1626016260163,7.58807588075881,42.5474254742547,1.3550135501355,4.0650406504065,31.4363143631436,5.69105691056911,57.4525745257453,4.8780487804878,21.9512195121951,28.7262872628726,1.8970189701897
"E01006599",362,35,109,190,28,166,9,29,106,22,196,26,80,84,6,9.66850828729282,30.1104972375691,52.4861878453039,7.73480662983425,45.8563535911602,2.48618784530387,8.01104972375691,29.2817679558011,6.07734806629834,54.1436464088398,7.18232044198895,22.0994475138122,23.2044198895028,1.65745856353591
"E01006600",569,50,148,334,37,262,15,41,173,33,307,35,107,161,4,8.78734622144112,26.0105448154657,58.6994727592267,6.50263620386643,46.0456942003515,2.63620386643234,7.20562390158172,30.4042179261863,5.79964850615114,53.9543057996485,6.15114235500879,18.804920913884,28.2952548330404,0.70298769771529
"E01006603",526,44,147,304,31,251,18,35,171,27,275,26,112,133,4,8.36501901140684,27.9467680608365,57.7946768060836,5.893536121673,47.7186311787072,3.42205323193916,6.65399239543726,32.5095057034221,5.13307984790875,52.2813688212928,4.94296577946768,21.2927756653992,25.2851711026616,0.760456273764259
"E01006604",583,47,153,350,33,263,15,31,186,31,320,32,122,164,2,8.06174957118353,26.2435677530017,60.0343053173242,5.66037735849057,45.1114922813036,2.57289879931389,5.31732418524871,31.9039451114923,5.31732418524871,54.8885077186964,5.48885077186964,20.926243567753,28.1303602058319,0.343053173241852
"E01006605",586,49,150,357,30,304,19,41,219,25,282,30,109,138,5,8.3617747440273,25.5972696245734,60.9215017064846,5.11945392491468,51.877133105802,3.24232081911263,6.99658703071672,37.3720136518771,4.26621160409556,48.122866894198,5.11945392491468,18.6006825938567,23.5494880546075,0.853242320819113
"E01006606",670,43,154,414,59,339,17,31,245,46,331,26,123,169,13,6.41791044776119,22.9850746268657,61.7910447761194,8.80597014925373,50.5970149253731,2.53731343283582,4.62686567164179,36.5671641791045,6.86567164179105,49.4029850746269,3.88059701492537,18.3582089552239,25.2238805970149,1.94029850746269
"E01006607",578,52,136,350,40,272,15,24,199,34,306,37,112,151,6,8.99653979238754,23.5294117647059,60.5536332179931,6.9204152249135,47.0588235294118,2.59515570934256,4.1522491349481,34.4290657439446,5.88235294117647,52.9411764705882,6.40138408304498,19.3771626297578,26.1245674740484,1.03806228373702
"E01006608",559,47,133,323,56,276,16,31,183,46,283,31,102,140,10,8.40787119856887,23.7924865831843,57.7817531305903,10.0178890876565,49.3738819320215,2.86225402504472,5.54561717352415,32.737030411449,8.22898032200358,50.6261180679785,5.54561717352415,18.2468694096601,25.0447227191413,1.78890876565295
"E01006609",553,40,123,351,39,278,12,32,203,31,275,28,91,148,8,7.23327305605787,22.2423146473779,63.4719710669078,7.05244122965642,50.2712477396022,2.16998191681736,5.78661844484629,36.7088607594937,5.60578661844485,49.7287522603978,5.06329113924051,16.4556962025316,26.7631103074141,1.44665461121157
"E01006610",545,41,120,348,36,267,14,26,201,26,278,27,94,147,10,7.52293577981651,22.0183486238532,63.8532110091743,6.60550458715596,48.9908256880734,2.56880733944954,4.77064220183486,36.8807339449541,4.77064220183486,51.0091743119266,4.95412844036697,17.2477064220184,26.9724770642202,1.8348623853211
"E01006611",473,29,111,311,22,237,9,19,193,16,236,20,92,118,6,6.13107822410148,23.4672304439746,65.7505285412262,4.65116279069767,50.1057082452431,1.90274841437632,4.0169133192389,40.8033826638478,3.38266384778013,49.8942917547569,4.22832980972516,19.4503171247357,24.9471458773784,1.26849894291755
"E01006612",536,53,146,301,36,269,20,33,185,31,267,33,113,116,5,9.88805970149254,27.2388059701493,56.1567164179104,6.71641791044776,50.1865671641791,3.73134328358209,6.15671641791045,34.5149253731343,5.78358208955224,49.8134328358209,6.15671641791045,21.0820895522388,21.6417910447761,0.932835820895522
"E01006613",491,46,127,281,37,250,18,39,163,30,241,28,88,118,7,9.36863543788187,25.8655804480652,57.2301425661914,7.53564154786151,50.9164969450102,3.66598778004073,7.94297352342159,33.1975560081466,6.10997963340122,49.0835030549898,5.70264765784114,17.9226069246436,24.0325865580448,1.42566191446029
"E01006614",551,47,126,345,33,275,12,34,204,25,276,35,92,141,8,8.52994555353902,22.8675136116152,62.6134301270417,5.98911070780399,49.9092558983666,2.17785843920145,6.17059891107078,37.0235934664247,4.53720508166969,50.0907441016334,6.35208711433757,16.6969147005445,25.5898366606171,1.4519056261343
"E01006615",562,38,146,345,33,259,12,32,191,24,303,26,114,154,9,6.76156583629893,25.9786476868327,61.3879003558719,5.87188612099644,46.085409252669,2.13523131672598,5.69395017793594,33.9857651245552,4.27046263345196,53.914590747331,4.62633451957295,20.2846975088968,27.4021352313167,1.60142348754448
"E01006616",588,51,150,333,54,293,14,36,193,50,295,37,114,140,4,8.6734693877551,25.5102040816327,56.6326530612245,9.18367346938776,49.8299319727891,2.38095238095238,6.12244897959184,32.8231292517007,8.50340136054422,50.1700680272109,6.29251700680272,19.3877551020408,23.8095238095238,0.680272108843537
"E01006617",768,48,137,511,72,369,11,27,277,54,399,37,110,234,18,6.25,17.8385416666667,66.5364583333333,9.375,48.046875,1.43229166666667,3.515625,36.0677083333333,7.03125,51.953125,4.81770833333333,14.3229166666667,30.46875,2.34375
"E01006618",667,46,165,407,49,337,10,42,248,37,330,36,123,159,12,6.89655172413793,24.7376311844078,61.0194902548726,7.34632683658171,50.5247376311844,1.49925037481259,6.29685157421289,37.1814092953523,5.5472263868066,49.4752623688156,5.39730134932534,18.4407796101949,23.8380809595202,1.79910044977511
"E01006619",767,64,151,481,71,372,26,35,258,53,395,38,116,223,18,8.34419817470665,19.6870925684485,62.7118644067797,9.25684485006519,48.5006518904824,3.38983050847458,4.5632333767927,33.6375488917862,6.91003911342894,51.4993481095176,4.95436766623207,15.1238591916558,29.0743155149935,2.34680573663625
"E01006620",618,50,136,380,52,320,19,40,219,42,298,31,96,161,10,8.09061488673139,22.0064724919094,61.4886731391586,8.41423948220065,51.7799352750809,3.07443365695793,6.47249190938511,35.4368932038835,6.79611650485437,48.2200647249191,5.01618122977346,15.5339805825243,26.0517799352751,1.61812297734628
"E01006621",692,73,127,389,103,363,22,36,229,76,329,51,91,160,27,10.5491329479769,18.3526011560694,56.2138728323699,14.8843930635838,52.4566473988439,3.17919075144509,5.20231213872832,33.092485549133,10.9826589595376,47.5433526011561,7.36994219653179,13.150289017341,23.121387283237,3.90173410404624
"E01006622",772,74,163,454,81,408,28,42,271,67,364,46,121,183,14,9.58549222797927,21.1139896373057,58.8082901554404,10.4922279792746,52.8497409326425,3.62694300518135,5.44041450777202,35.1036269430052,8.67875647668394,47.1502590673575,5.95854922279793,15.6735751295337,23.7046632124352,1.81347150259067
"E01006623",779,67,174,450,88,405,25,47,265,68,374,42,127,185,20,8.6007702182285,22.3363286264442,57.7663671373556,11.2965340179718,51.98973042362,3.20924261874198,6.03337612323492,34.017971758665,8.72913992297818,48.01026957638,5.39152759948652,16.3029525032092,23.7483953786906,2.56739409499358
"E01006624",667,66,155,393,53,318,20,38,219,41,349,46,117,174,12,9.89505247376312,23.2383808095952,58.9205397301349,7.94602698650675,47.6761619190405,2.99850074962519,5.69715142428786,32.8335832083958,6.14692653673163,52.3238380809595,6.89655172413793,17.5412293853073,26.0869565217391,1.79910044977511
"E01006625",660,54,138,406,62,339,22,26,242,49,321,32,112,164,13,8.18181818181818,20.9090909090909,61.5151515151515,9.39393939393939,51.3636363636364,3.33333333333333,3.93939393939394,36.6666666666667,7.42424242424242,48.6363636363636,4.84848484848485,16.969696969697,24.8484848484848,1.96969696969697
"E01006626",710,66,144,459,41,353,25,36,264,28,357,41,108,195,13,9.29577464788732,20.2816901408451,64.6478873239437,5.77464788732394,49.7183098591549,3.52112676056338,5.07042253521127,37.1830985915493,3.94366197183099,50.2816901408451,5.77464788732394,15.2112676056338,27.4647887323944,1.83098591549296
"E01006627",683,53,148,431,51,339,21,36,243,39,344,32,112,188,12,7.75988286969253,21.6691068814056,63.103953147877,7.46705710102489,49.6339677891654,3.07467057101025,5.27086383601757,35.5783308931186,5.71010248901903,50.3660322108346,4.68521229868228,16.398243045388,27.5256222547584,1.75695461200586
"E01006628",874,109,187,478,100,416,36,56,260,64,458,73,131,218,36,12.4713958810069,21.395881006865,54.6910755148741,11.441647597254,47.5972540045767,4.11899313501144,6.40732265446224,29.7482837528604,7.32265446224256,52.4027459954233,8.35240274599542,14.9885583524027,24.9427917620137,4.11899313501144
"E01006629",621,46,108,404,63,299,16,25,220,38,322,30,83,184,25,7.40740740740741,17.3913043478261,65.0563607085346,10.1449275362319,48.1481481481481,2.57648953301127,4.02576489533011,35.426731078905,6.11916264090177,51.8518518518518,4.83091787439614,13.365539452496,29.6296296296296,4.02576489533011
"E01006630",406,35,129,214,28,188,12,39,118,19,218,23,90,96,9,8.62068965517241,31.7733990147783,52.7093596059113,6.89655172413793,46.3054187192118,2.95566502463054,9.60591133004926,29.064039408867,4.67980295566502,53.6945812807882,5.66502463054187,22.1674876847291,23.6453201970443,2.21674876847291
"E01006632",670,59,159,388,64,351,19,51,225,56,319,40,108,163,8,8.80597014925373,23.7313432835821,57.910447761194,9.55223880597015,52.3880597014925,2.83582089552239,7.61194029850746,33.5820895522388,8.35820895522388,47.6119402985075,5.97014925373134,16.1194029850746,24.3283582089552,1.19402985074627
"E01006633",412,36,113,237,26,191,8,20,142,21,221,28,93,95,5,8.7378640776699,27.4271844660194,57.5242718446602,6.31067961165049,46.3592233009709,1.94174757281553,4.85436893203883,34.4660194174757,5.09708737864078,53.6407766990291,6.79611650485437,22.5728155339806,23.0582524271845,1.21359223300971
"E01006637",552,48,160,299,45,244,12,31,164,37,308,36,129,135,8,8.69565217391304,28.9855072463768,54.1666666666667,8.15217391304348,44.2028985507246,2.17391304347826,5.61594202898551,29.7101449275362,6.70289855072464,55.7971014492754,6.52173913043478,23.3695652173913,24.4565217391304,1.44927536231884
"E01006638",371,31,123,191,26,151,14,22,100,15,220,17,101,91,11,8.35579514824798,33.1536388140162,51.4824797843666,7.00808625336927,40.7008086253369,3.77358490566038,5.92991913746631,26.9541778975741,4.04312668463612,59.2991913746631,4.5822102425876,27.2237196765499,24.5283018867925,2.96495956873315
"E01006639",705,50,161,441,53,336,13,34,250,39,369,37,127,191,14,7.09219858156028,22.8368794326241,62.5531914893617,7.5177304964539,47.6595744680851,1.84397163120567,4.82269503546099,35.4609929078014,5.53191489361702,52.3404255319149,5.24822695035461,18.0141843971631,27.0921985815603,1.98581560283688
"E01006640",870,64,193,532,81,423,19,37,298,69,447,45,156,234,12,7.35632183908046,22.183908045977,61.1494252873563,9.31034482758621,48.6206896551724,2.18390804597701,4.25287356321839,34.2528735632184,7.93103448275862,51.3793103448276,5.17241379310345,17.9310344827586,26.8965517241379,1.37931034482759
"E01006641",899,49,186,605,59,430,17,48,318,47,469,32,138,287,12,5.45050055617353,20.6896551724138,67.2969966629588,6.56284760845384,47.8309232480534,1.89098998887653,5.3392658509455,35.3726362625139,5.22803114571746,52.1690767519466,3.559510567297,15.3503893214683,31.9243604004449,1.33481646273637
"E01006642",442,36,123,259,24,202,11,34,139,18,240,25,89,120,6,8.1447963800905,27.8280542986425,58.5972850678733,5.42986425339367,45.7013574660633,2.48868778280543,7.69230769230769,31.447963800905,4.07239819004525,54.2986425339367,5.65610859728507,20.1357466063348,27.1493212669683,1.35746606334842
"E01006643",674,53,171,389,61,313,21,45,201,46,361,32,126,188,15,7.86350148367952,25.3709198813056,57.7151335311573,9.05044510385757,46.4391691394659,3.11572700296736,6.67655786350148,29.8219584569733,6.82492581602374,53.5608308605341,4.74777448071217,18.6943620178042,27.893175074184,2.22551928783383
"E01006644",850,45,188,528,89,419,15,40,304,60,431,30,148,224,29,5.29411764705882,22.1176470588235,62.1176470588235,10.4705882352941,49.2941176470588,1.76470588235294,4.70588235294118,35.7647058823529,7.05882352941176,50.7058823529412,3.52941176470588,17.4117647058824,26.3529411764706,3.41176470588235
"E01006645",435,32,142,227,34,212,14,38,134,26,223,18,104,93,8,7.35632183908046,32.6436781609195,52.183908045977,7.81609195402299,48.735632183908,3.2183908045977,8.73563218390805,30.8045977011494,5.97701149425287,51.2643678160919,4.13793103448276,23.9080459770115,21.3793103448276,1.83908045977011
"E01006646",757,53,149,466,89,391,20,37,273,61,366,33,112,193,28,7.00132100396301,19.6829590488771,61.558784676354,11.7569352708058,51.6512549537649,2.64200792602378,4.88771466314399,36.0634081902246,8.05812417437252,48.3487450462351,4.35931307793923,14.7952443857332,25.4953764861295,3.69881109643329
"E01006647",337,31,109,180,17,150,9,28,100,13,187,22,81,80,4,9.19881305637982,32.3442136498516,53.4124629080119,5.04451038575668,44.5103857566766,2.67062314540059,8.30860534124629,29.673590504451,3.85756676557863,55.4896142433234,6.52818991097923,24.0356083086053,23.7388724035608,1.18694362017804
"E01006648",933,75,202,589,67,529,41,60,376,52,404,34,142,213,15,8.03858520900322,21.6505894962487,63.1296891747052,7.18113612004287,56.6988210075027,4.39442658092176,6.43086816720257,40.3001071811361,5.57341907824223,43.3011789924973,3.64415862808146,15.2197213290461,22.8295819935691,1.60771704180064
"E01006651",920,69,180,573,98,464,15,38,338,73,456,54,142,235,25,7.5,19.5652173913043,62.2826086956522,10.6521739130435,50.4347826086956,1.6304347826087,4.1304347826087,36.7391304347826,7.93478260869565,49.5652173913044,5.8695652173913,15.4347826086957,25.5434782608696,2.71739130434783
"E01006652",733,47,157,467,62,377,11,51,268,47,356,36,106,199,15,6.41200545702592,21.418826739427,63.7107776261937,8.45839017735334,51.4324693042292,1.50068212824011,6.95770804911323,36.5620736698499,6.41200545702592,48.5675306957708,4.91132332878581,14.4611186903138,27.1487039563438,2.04638472032742
"E01006653",620,42,139,394,45,312,11,37,223,41,308,31,102,171,4,6.7741935483871,22.4193548387097,63.5483870967742,7.25806451612903,50.3225806451613,1.7741935483871,5.96774193548387,35.9677419354839,6.61290322580645,49.6774193548387,5,16.4516129032258,27.5806451612903,0.645161290322581
"E01006654",744,62,145,479,58,381,24,41,268,48,363,38,104,211,10,8.33333333333333,19.489247311828,64.3817204301075,7.79569892473118,51.2096774193548,3.2258064516129,5.51075268817204,36.0215053763441,6.45161290322581,48.7903225806452,5.10752688172043,13.9784946236559,28.3602150537634,1.34408602150538
"E01006655",766,52,166,462,86,376,21,41,245,69,390,31,125,217,17,6.78851174934726,21.6710182767624,60.313315926893,11.2271540469974,49.0861618798956,2.74151436031332,5.35248041775457,31.9843342036554,9.00783289817232,50.9138381201044,4.04699738903394,16.3185378590078,28.3289817232376,2.21932114882507
"E01006656",740,43,134,496,67,370,17,30,270,53,370,26,104,226,14,5.81081081081081,18.1081081081081,67.027027027027,9.05405405405405,50,2.2972972972973,4.05405405405405,36.4864864864865,7.16216216216216,50,3.51351351351351,14.0540540540541,30.5405405405405,1.89189189189189
"E01006657",550,38,123,335,54,271,13,21,196,41,279,25,102,139,13,6.90909090909091,22.3636363636364,60.9090909090909,9.81818181818182,49.2727272727273,2.36363636363636,3.81818181818182,35.6363636363636,7.45454545454545,50.7272727272727,4.54545454545455,18.5454545454545,25.2727272727273,2.36363636363636
"E01006658",489,28,151,288,22,225,9,43,154,19,264,19,108,134,3,5.72597137014315,30.879345603272,58.8957055214724,4.49897750511247,46.0122699386503,1.84049079754601,8.79345603271984,31.4928425357873,3.88548057259714,53.9877300613497,3.88548057259714,22.0858895705521,27.4028629856851,0.613496932515337
"E01006659",571,53,117,325,76,363,31,54,215,63,208,22,63,110,13,9.28196147110333,20.4903677758319,56.9176882661996,13.3099824868651,63.5726795096322,5.42907180385289,9.45709281961471,37.6532399299475,11.0332749562172,36.4273204903678,3.85288966725044,11.0332749562172,19.2644483362522,2.27670753064799
"E01006660",583,57,136,333,57,283,16,39,186,42,300,41,97,147,15,9.7770154373928,23.327615780446,57.1183533447684,9.7770154373928,48.5420240137221,2.74442538593482,6.68953687821612,31.9039451114923,7.2041166380789,51.4579759862779,7.03259005145798,16.6380789022298,25.2144082332762,2.57289879931389
"E01006661",545,39,138,331,37,273,11,32,199,31,272,28,106,132,6,7.15596330275229,25.3211009174312,60.7339449541284,6.78899082568807,50.0917431192661,2.01834862385321,5.87155963302752,36.5137614678899,5.68807339449541,49.9082568807339,5.13761467889908,19.4495412844037,24.2201834862385,1.10091743119266
"E01006662",596,50,137,366,43,296,14,37,209,36,300,36,100,157,7,8.38926174496644,22.9865771812081,61.4093959731544,7.21476510067114,49.6644295302013,2.3489932885906,6.20805369127517,35.0671140939597,6.04026845637584,50.3355704697987,6.04026845637584,16.7785234899329,26.3422818791946,1.1744966442953
"E01006663",514,25,140,316,33,240,8,25,182,25,274,17,115,134,8,4.86381322957198,27.2373540856031,61.4785992217899,6.42023346303502,46.692607003891,1.55642023346304,4.86381322957198,35.408560311284,4.86381322957198,53.307392996109,3.30739299610895,22.3735408560311,26.0700389105058,1.55642023346304
"E01006664",663,46,155,408,54,324,17,44,222,41,339,29,111,186,13,6.93815987933635,23.3785822021116,61.5384615384615,8.1447963800905,48.868778280543,2.56410256410256,6.63650075414781,33.4841628959276,6.18401206636501,51.131221719457,4.37405731523379,16.7420814479638,28.0542986425339,1.96078431372549
"E01006665",855,53,182,522,98,409,18,38,281,72,446,35,144,241,26,6.19883040935673,21.2865497076023,61.0526315789474,11.4619883040936,47.8362573099415,2.10526315789474,4.44444444444444,32.8654970760234,8.42105263157895,52.1637426900585,4.09356725146199,16.8421052631579,28.187134502924,3.04093567251462
"E01006666",819,71,177,491,80,402,20,37,284,61,417,51,140,207,19,8.66910866910867,21.6117216117216,59.95115995116,9.76800976800977,49.0842490842491,2.44200244200244,4.51770451770452,34.6764346764347,7.44810744810745,50.9157509157509,6.22710622710623,17.0940170940171,25.2747252747253,2.31990231990232
"E01006667",661,52,141,417,51,334,15,32,252,35,327,37,109,165,16,7.86686838124055,21.3313161875946,63.0862329803328,7.71558245083207,50.5295007564297,2.26928895612708,4.8411497730711,38.124054462935,5.29500756429652,49.4704992435704,5.59757942511346,16.4901664145235,24.9621785173979,2.42057488653555
"E01006668",847,55,175,529,88,414,18,28,307,61,433,37,147,222,27,6.49350649350649,20.6611570247934,62.4557260920897,10.3896103896104,48.8783943329398,2.12514757969303,3.30578512396694,36.245572609209,7.20188902007084,51.1216056670602,4.36835891381346,17.3553719008264,26.2101534828808,3.18772136953955
"E01006669",764,50,164,478,72,380,18,32,273,57,384,32,132,205,15,6.54450261780105,21.4659685863874,62.565445026178,9.42408376963351,49.738219895288,2.35602094240838,4.18848167539267,35.7329842931937,7.46073298429319,50.261780104712,4.18848167539267,17.2774869109948,26.8324607329843,1.96335078534031
"E01006670",789,62,167,479,81,386,22,42,260,62,403,40,125,219,19,7.85804816223067,21.1660329531052,60.7097591888466,10.2661596958175,48.9226869455006,2.78833967046895,5.32319391634981,32.9531051964512,7.85804816223067,51.0773130544994,5.06970849176172,15.8428390367554,27.7566539923954,2.40811153358682
"E01006671",636,49,142,368,77,322,15,28,215,64,314,34,114,153,13,7.70440251572327,22.3270440251572,57.8616352201258,12.1069182389937,50.6289308176101,2.35849056603774,4.40251572327044,33.8050314465409,10.062893081761,49.3710691823899,5.34591194968553,17.9245283018868,24.0566037735849,2.0440251572327
"E01006672",702,50,195,406,51,333,14,46,235,38,369,36,149,171,13,7.12250712250712,27.7777777777778,57.8347578347578,7.26495726495727,47.4358974358974,1.99430199430199,6.55270655270655,33.4757834757835,5.41310541310541,52.5641025641026,5.12820512820513,21.2250712250712,24.3589743589744,1.85185185185185
"E01006673",629,79,153,348,49,356,32,82,202,40,273,47,71,146,9,12.5596184419714,24.3243243243243,55.3259141494436,7.79014308426073,56.5977742448331,5.08744038155803,13.0365659777424,32.1144674085851,6.35930047694753,43.4022257551669,7.47217806041335,11.2877583465819,23.2114467408585,1.4308426073132
"E01006674",441,55,124,213,49,255,37,48,130,40,186,18,76,83,9,12.4716553287982,28.1179138321995,48.2993197278912,11.1111111111111,57.8231292517007,8.39002267573696,10.8843537414966,29.4784580498866,9.0702947845805,42.1768707482993,4.08163265306122,17.2335600907029,18.8208616780045,2.04081632653061
"E01006675",936,92,175,558,111,522,50,94,299,79,414,42,81,259,32,9.82905982905983,18.6965811965812,59.6153846153846,11.8589743589744,55.7692307692308,5.34188034188034,10.042735042735,31.9444444444444,8.44017094017094,44.2307692307692,4.48717948717949,8.65384615384615,27.6709401709402,3.41880341880342
"E01006676",518,54,148,269,47,266,31,54,146,35,252,23,94,123,12,10.4247104247104,28.5714285714286,51.9305019305019,9.07335907335907,51.3513513513513,5.98455598455598,10.4247104247104,28.1853281853282,6.75675675675676,48.6486486486487,4.44015444015444,18.1467181467181,23.7451737451737,2.31660231660232
"E01006677",274,33,97,124,20,142,13,46,68,15,132,20,51,56,5,12.043795620438,35.4014598540146,45.2554744525547,7.2992700729927,51.8248175182482,4.74452554744525,16.7883211678832,24.8175182481752,5.47445255474453,48.1751824817518,7.2992700729927,18.6131386861314,20.4379562043796,1.82481751824817
"E01006678",731,78,165,416,72,396,30,48,256,62,335,48,117,160,10,10.6703146374829,22.5718194254446,56.9083447332421,9.84952120383037,54.172366621067,4.10396716826265,6.56634746922025,35.0205198358413,8.48153214774282,45.827633378933,6.56634746922025,16.0054719562244,21.8878248974008,1.36798905608755
"E01006679",473,56,148,218,51,269,29,69,131,40,204,27,79,87,11,11.8393234672304,31.2896405919662,46.0887949260042,10.7822410147992,56.8710359408034,6.13107822410148,14.5877378435518,27.6955602536998,8.45665961945032,43.1289640591966,5.70824524312896,16.7019027484144,18.3932346723044,2.32558139534884
"E01006680",793,63,176,463,91,405,30,41,261,73,388,33,135,202,18,7.94451450189155,22.1941992433796,58.3858764186633,11.4754098360656,51.0718789407314,3.78310214375788,5.1702395964691,32.9129886506936,9.20554854981084,48.9281210592686,4.16141235813367,17.0239596469105,25.4728877679697,2.26986128625473
"E01006681",706,59,159,412,76,356,18,42,233,63,350,41,117,179,13,8.35694050991501,22.5212464589235,58.356940509915,10.7648725212465,50.4249291784703,2.54957507082153,5.94900849858357,33.0028328611898,8.92351274787535,49.5750708215297,5.80736543909348,16.5722379603399,25.3541076487252,1.8413597733711
"E01006682",666,61,123,411,71,338,22,31,230,55,328,39,92,181,16,9.15915915915916,18.4684684684685,61.7117117117117,10.6606606606607,50.7507507507508,3.3033033033033,4.65465465465465,34.5345345345345,8.25825825825826,49.2492492492492,5.85585585585586,13.8138138138138,27.1771771771772,2.4024024024024
"E01006683",749,64,145,475,65,365,19,28,269,49,384,45,117,206,16,8.54472630173565,19.3591455273698,63.4178905206943,8.67823765020027,48.7316421895861,2.53671562082777,3.73831775700935,35.9145527369826,6.54205607476635,51.2683578104139,6.00801068090788,15.6208277703605,27.5033377837116,2.13618157543391
"E01006684",1193,89,178,773,153,619,35,53,418,113,574,54,125,355,40,7.46018440905281,14.9203688181056,64.7946353730092,12.8248113998324,51.8860016764459,2.93378038558257,4.44258172673931,35.0377200335289,9.47191953059514,48.1139983235541,4.52640402347024,10.4777870913663,29.7569153394803,3.35289186923722
"E01006685",696,67,131,419,79,342,16,26,244,56,354,51,105,175,23,9.6264367816092,18.8218390804598,60.2011494252874,11.3505747126437,49.1379310344828,2.29885057471264,3.73563218390805,35.0574712643678,8.04597701149425,50.8620689655172,7.32758620689655,15.0862068965517,25.1436781609195,3.30459770114943
"E01006686",674,55,134,435,50,331,23,37,236,35,343,32,97,199,15,8.16023738872404,19.8813056379822,64.540059347181,7.41839762611276,49.1097922848665,3.41246290801187,5.48961424332344,35.0148367952522,5.19287833827893,50.8902077151335,4.74777448071217,14.3916913946588,29.5252225519288,2.22551928783383
"E01006687",979,72,152,593,162,514,33,31,339,111,465,39,121,254,51,7.35444330949949,15.5260469867211,60.5720122574055,16.5474974463739,52.5025536261491,3.37078651685393,3.16649642492339,34.6271705822268,11.338100102145,47.4974463738509,3.98365679264556,12.3595505617978,25.9448416751788,5.2093973442288
"E01006688",766,71,154,451,90,390,25,43,254,68,376,46,111,197,22,9.26892950391645,20.1044386422977,58.8772845953003,11.7493472584856,50.9138381201044,3.26370757180157,5.61357702349869,33.1592689295039,8.87728459530026,49.0861618798956,6.00522193211488,14.490861618799,25.7180156657963,2.87206266318538
"E01006689",867,92,153,550,72,405,25,28,310,42,462,67,125,240,30,10.6113033448674,17.6470588235294,63.437139561707,8.30449826989619,46.7128027681661,2.88350634371396,3.22952710495963,35.7554786620531,4.84429065743945,53.2871972318339,7.7277970011534,14.4175317185698,27.681660899654,3.46020761245675
"E01006690",620,67,149,352,52,342,28,53,222,39,278,39,96,130,13,10.8064516129032,24.0322580645161,56.7741935483871,8.38709677419355,55.1612903225806,4.51612903225806,8.54838709677419,35.8064516129032,6.29032258064516,44.8387096774194,6.29032258064516,15.4838709677419,20.9677419354839,2.09677419354839
"E01006691",523,49,154,273,47,300,17,72,174,37,223,32,82,99,10,9.36902485659656,29.4455066921606,52.1988527724665,8.98661567877629,57.3613766730402,3.25047801147228,13.7667304015296,33.2695984703633,7.07456978967495,42.6386233269598,6.11854684512428,15.678776290631,18.9292543021033,1.91204588910134
"E01006692",828,67,193,492,76,438,29,57,294,58,390,38,136,198,18,8.09178743961353,23.3091787439614,59.4202898550725,9.17874396135266,52.8985507246377,3.5024154589372,6.88405797101449,35.5072463768116,7.0048309178744,47.1014492753623,4.58937198067633,16.4251207729469,23.9130434782609,2.17391304347826
"E01006693",490,49,122,285,34,242,16,37,164,25,248,33,85,121,9,10,24.8979591836735,58.1632653061224,6.93877551020408,49.3877551020408,3.26530612244898,7.55102040816327,33.469387755102,5.10204081632653,50.6122448979592,6.73469387755102,17.3469387755102,24.6938775510204,1.83673469387755
"E01006694",715,50,218,402,45,376,18,91,234,33,339,32,127,168,12,6.99300699300699,30.4895104895105,56.2237762237762,6.29370629370629,52.5874125874126,2.51748251748252,12.7272727272727,32.7272727272727,4.61538461538462,47.4125874125874,4.47552447552448,17.7622377622378,23.4965034965035,1.67832167832168
"E01006695",738,95,153,432,58,423,43,61,272,47,315,52,92,160,11,12.8726287262873,20.7317073170732,58.5365853658537,7.85907859078591,57.3170731707317,5.82655826558266,8.26558265582656,36.8563685636856,6.36856368563686,42.6829268292683,7.04607046070461,12.4661246612466,21.680216802168,1.49051490514905
"E01006696",630,55,160,382,33,322,14,55,228,25,308,41,105,154,8,8.73015873015873,25.3968253968254,60.6349206349206,5.23809523809524,51.1111111111111,2.22222222222222,8.73015873015873,36.1904761904762,3.96825396825397,48.8888888888889,6.50793650793651,16.6666666666667,24.4444444444444,1.26984126984127
"E01006697",668,78,186,354,50,355,45,67,211,32,313,33,119,143,18,11.6766467065868,27.8443113772455,52.9940119760479,7.48502994011976,53.1437125748503,6.73652694610778,10.0299401197605,31.5868263473054,4.79041916167665,46.8562874251497,4.94011976047904,17.814371257485,21.4071856287425,2.69461077844311
"E01006698",750,61,173,466,50,359,18,39,263,39,391,43,134,203,11,8.13333333333333,23.0666666666667,62.1333333333333,6.66666666666667,47.8666666666667,2.4,5.2,35.0666666666667,5.2,52.1333333333333,5.73333333333333,17.8666666666667,27.0666666666667,1.46666666666667
"E01006699",509,34,159,280,36,250,10,36,169,35,259,24,123,111,1,6.67976424361493,31.237721021611,55.0098231827112,7.07269155206287,49.1159135559921,1.96463654223969,7.07269155206287,33.2023575638507,6.8762278978389,50.8840864440079,4.71512770137525,24.1650294695481,21.8074656188605,0.196463654223969
"E01006700",539,30,141,320,48,280,5,39,197,39,259,25,102,123,9,5.56586270871985,26.1595547309833,59.3692022263451,8.90538033395176,51.9480519480519,0.927643784786642,7.23562152133581,36.5491651205937,7.23562152133581,48.0519480519481,4.63821892393321,18.9239332096475,22.8200371057514,1.66975881261596
"E01006701",599,38,158,346,57,300,10,34,207,49,299,28,124,139,8,6.34390651085142,26.3772954924875,57.762938230384,9.51585976627713,50.0834724540901,1.669449081803,5.67612687813022,34.5575959933222,8.18030050083473,49.9165275459099,4.67445742904841,20.7011686143573,23.2053422370618,1.3355592654424
"E01006702",542,44,157,303,38,269,18,49,171,31,273,26,108,132,7,8.11808118081181,28.9667896678967,55.9040590405904,7.01107011070111,49.6309963099631,3.3210332103321,9.04059040590406,31.549815498155,5.71955719557196,50.3690036900369,4.7970479704797,19.9261992619926,24.3542435424354,1.29151291512915
"E01006703",522,33,119,323,47,278,11,40,191,36,244,22,79,132,11,6.32183908045977,22.7969348659004,61.8773946360153,9.00383141762452,53.2567049808429,2.10727969348659,7.66283524904215,36.5900383141762,6.89655172413793,46.7432950191571,4.21455938697318,15.1340996168582,25.2873563218391,2.10727969348659
"E01006705",635,41,157,384,53,332,14,49,231,38,303,27,108,153,15,6.45669291338583,24.7244094488189,60.4724409448819,8.34645669291339,52.2834645669291,2.20472440944882,7.71653543307087,36.3779527559055,5.98425196850394,47.7165354330709,4.25196850393701,17.007874015748,24.0944881889764,2.36220472440945
"E01006706",445,59,129,230,27,212,12,41,133,26,233,47,88,97,1,13.2584269662921,28.9887640449438,51.685393258427,6.06741573033708,47.6404494382022,2.69662921348315,9.21348314606742,29.8876404494382,5.84269662921348,52.3595505617978,10.561797752809,19.7752808988764,21.7977528089888,0.224719101123596
"E01006707",418,32,99,266,21,197,12,22,149,14,221,20,77,117,7,7.6555023923445,23.6842105263158,63.6363636363636,5.02392344497608,47.1291866028708,2.87081339712919,5.26315789473684,35.6459330143541,3.34928229665072,52.8708133971292,4.78468899521531,18.4210526315789,27.9904306220096,1.67464114832536
"E01006708",738,50,165,463,60,357,8,43,263,43,381,42,122,200,17,6.77506775067751,22.3577235772358,62.7371273712737,8.13008130081301,48.3739837398374,1.0840108401084,5.82655826558266,35.6368563685637,5.82655826558266,51.6260162601626,5.69105691056911,16.5311653116531,27.10027100271,2.30352303523035
"E01006709",599,45,130,384,40,308,15,33,229,31,291,30,97,155,9,7.51252086811352,21.7028380634391,64.1068447412354,6.67779632721202,51.4190317195326,2.50417362270451,5.50918196994992,38.2303839732888,5.17529215358932,48.5809682804674,5.00834724540902,16.1936560934891,25.8764607679466,1.5025041736227
"E01006710",668,60,153,415,40,314,15,28,235,36,354,45,125,180,4,8.98203592814371,22.9041916167665,62.125748502994,5.98802395209581,47.0059880239521,2.24550898203593,4.19161676646707,35.1796407185629,5.38922155688623,52.9940119760479,6.73652694610778,18.7125748502994,26.9461077844311,0.598802395209581
"E01006711",610,40,146,360,64,296,15,35,195,51,314,25,111,165,13,6.55737704918033,23.9344262295082,59.0163934426229,10.4918032786885,48.5245901639344,2.45901639344262,5.73770491803279,31.9672131147541,8.36065573770492,51.4754098360656,4.0983606557377,18.1967213114754,27.0491803278689,2.13114754098361
"E01006712",581,30,124,384,43,290,9,25,224,32,291,21,99,160,11,5.16351118760757,21.342512908778,66.0929432013769,7.40103270223752,49.9139414802065,1.54905335628227,4.30292598967298,38.5542168674699,5.50774526678141,50.0860585197935,3.6144578313253,17.039586919105,27.5387263339071,1.89328743545611
"E01006713",650,46,153,404,47,306,19,36,218,33,344,27,117,186,14,7.07692307692308,23.5384615384615,62.1538461538461,7.23076923076923,47.0769230769231,2.92307692307692,5.53846153846154,33.5384615384615,5.07692307692308,52.9230769230769,4.15384615384615,18,28.6153846153846,2.15384615384615
"E01006716",643,37,134,424,48,310,7,35,231,37,333,30,99,193,11,5.7542768273717,20.8398133748056,65.9409020217729,7.46500777604977,48.2115085536547,1.08864696734059,5.44323483670296,35.9253499222395,5.7542768273717,51.7884914463453,4.6656298600311,15.3965785381026,30.0155520995334,1.71073094867807
"E01006717",708,60,163,435,50,356,18,46,255,37,352,42,117,180,13,8.47457627118644,23.0225988700565,61.4406779661017,7.06214689265537,50.2824858757062,2.54237288135593,6.49717514124294,36.0169491525424,5.22598870056497,49.7175141242938,5.93220338983051,16.5254237288136,25.4237288135593,1.8361581920904
"E01006718",717,37,177,462,41,362,16,54,262,30,355,21,123,200,11,5.16039051603905,24.6861924686192,64.4351464435146,5.71827057182706,50.4881450488145,2.23152022315202,7.53138075313808,36.5411436541144,4.18410041841004,49.5118549511855,2.92887029288703,17.1548117154812,27.8940027894003,1.53417015341702
"E01006719",701,55,184,403,59,354,22,53,231,48,347,33,131,172,11,7.84593437945792,26.2482168330956,57.4893009985735,8.41654778887304,50.4992867332382,3.13837375178317,7.56062767475036,32.9529243937233,6.84736091298145,49.5007132667618,4.70756062767475,18.6875891583452,24.5363766048502,1.56918687589158
"E01006720",771,112,189,415,55,415,46,94,239,36,356,66,95,176,19,14.526588845655,24.5136186770428,53.8261997405966,7.13359273670558,53.8261997405966,5.9662775616083,12.1919584954604,30.9987029831388,4.66926070038911,46.1738002594034,8.56031128404669,12.3216601815824,22.8274967574578,2.46433203631647
"E01006721",643,88,158,347,50,328,43,60,190,35,315,45,98,157,15,13.6858475894246,24.5723172628305,53.9657853810264,7.77604976671851,51.0108864696734,6.68740279937792,9.33125972006221,29.5489891135303,5.44323483670296,48.9891135303266,6.99844479004666,15.2410575427683,24.4167962674961,2.33281493001555
"E01006722",729,171,189,329,40,409,72,106,198,33,320,99,83,131,7,23.4567901234568,25.9259259259259,45.1303155006859,5.48696844993141,56.1042524005487,9.87654320987654,14.5404663923182,27.1604938271605,4.52674897119342,43.8957475994513,13.5802469135802,11.3854595336077,17.9698216735254,0.960219478737997
"E01006723",717,145,183,349,40,397,64,87,217,29,320,81,96,132,11,20.2231520223152,25.5230125523013,48.6750348675035,5.57880055788006,55.3695955369596,8.92608089260809,12.1338912133891,30.2649930264993,4.04463040446304,44.6304044630404,11.2970711297071,13.3891213389121,18.4100418410042,1.53417015341702
"E01006724",675,177,140,311,47,312,53,54,179,26,363,124,86,132,21,26.2222222222222,20.7407407407407,46.0740740740741,6.96296296296296,46.2222222222222,7.85185185185185,8,26.5185185185185,3.85185185185185,53.7777777777778,18.3703703703704,12.7407407407407,19.5555555555556,3.11111111111111
"E01006725",691,74,144,417,56,355,33,47,232,43,336,41,97,185,13,10.7091172214182,20.8393632416787,60.3473227206946,8.10419681620839,51.3748191027496,4.77568740955137,6.80173661360347,33.5745296671491,6.22286541244573,48.6251808972504,5.93342981186686,14.0376266280753,26.7727930535456,1.88133140376266
"E01006726",686,121,150,362,53,344,48,58,201,37,342,73,92,161,16,17.6384839650146,21.865889212828,52.7696793002915,7.72594752186589,50.1457725947522,6.99708454810496,8.45481049562682,29.3002915451895,5.3935860058309,49.8542274052478,10.6413994169096,13.4110787172012,23.469387755102,2.33236151603499
"E01006727",745,65,167,457,56,389,23,65,260,41,356,42,102,197,15,8.7248322147651,22.4161073825503,61.3422818791946,7.51677852348993,52.2147651006711,3.08724832214765,8.7248322147651,34.8993288590604,5.50335570469799,47.7852348993289,5.63758389261745,13.6912751677852,26.4429530201342,2.01342281879195
"E01006728",627,66,137,382,42,321,29,40,220,32,306,37,97,162,10,10.5263157894737,21.8500797448166,60.9250398724083,6.69856459330144,51.1961722488038,4.62519936204147,6.37958532695375,35.0877192982456,5.103668261563,48.8038277511962,5.90111642743222,15.4704944178628,25.8373205741627,1.59489633173844
"E01006729",473,45,155,245,28,208,18,31,139,20,265,27,124,106,8,9.51374207188161,32.76955602537,51.7970401691332,5.91966173361522,43.9746300211416,3.80549682875264,6.553911205074,29.3868921775898,4.22832980972516,56.0253699788584,5.70824524312896,26.215644820296,22.4101479915433,1.69133192389006
"E01006730",461,33,125,277,26,210,13,22,153,22,251,20,103,124,4,7.15835140997831,27.114967462039,60.0867678958785,5.63991323210412,45.5531453362256,2.81995661605206,4.77223427331887,33.1887201735358,4.77223427331887,54.4468546637744,4.33839479392625,22.3427331887202,26.8980477223427,0.867678958785249
"E01006731",426,37,100,263,26,221,12,30,159,20,205,25,70,104,6,8.68544600938967,23.4741784037559,61.7370892018779,6.10328638497653,51.8779342723005,2.8169014084507,7.04225352112676,37.3239436619718,4.69483568075117,48.1220657276995,5.86854460093897,16.4319248826291,24.4131455399061,1.40845070422535
"E01006732",478,47,152,253,26,215,16,33,142,24,263,31,119,111,2,9.8326359832636,31.7991631799163,52.928870292887,5.43933054393306,44.9790794979079,3.34728033472803,6.90376569037657,29.7071129707113,5.02092050209205,55.0209205020921,6.48535564853557,24.8953974895398,23.2217573221757,0.418410041841004
"E01006734",454,28,155,249,22,218,10,50,141,17,236,18,105,108,5,6.16740088105727,34.1409691629956,54.8458149779736,4.84581497797357,48.0176211453744,2.20264317180617,11.0132158590308,31.057268722467,3.74449339207048,51.9823788546256,3.9647577092511,23.1277533039648,23.7885462555066,1.10132158590308
"E01006735",455,41,137,254,23,221,8,31,164,18,234,33,106,90,5,9.01098901098901,30.1098901098901,55.8241758241758,5.05494505494505,48.5714285714286,1.75824175824176,6.81318681318681,36.043956043956,3.95604395604396,51.4285714285714,7.25274725274725,23.2967032967033,19.7802197802198,1.0989010989011
"E01006736",569,41,144,348,36,279,11,44,201,23,290,30,100,147,13,7.20562390158172,25.3075571177504,61.1599297012302,6.32688927943761,49.0333919156415,1.93321616871705,7.73286467486819,35.3251318101933,4.04217926186292,50.9666080843585,5.27240773286468,17.5746924428822,25.8347978910369,2.28471001757469
"E01006737",522,39,150,310,23,231,8,43,163,17,291,31,107,147,6,7.47126436781609,28.735632183908,59.3869731800766,4.40613026819923,44.2528735632184,1.53256704980843,8.23754789272031,31.2260536398467,3.25670498084291,55.7471264367816,5.93869731800766,20.4980842911877,28.1609195402299,1.14942528735632
"E01006738",571,54,151,331,35,269,18,32,194,25,302,36,119,137,10,9.45709281961471,26.4448336252189,57.968476357268,6.12959719789842,47.1103327495622,3.1523642732049,5.60420315236427,33.9754816112084,4.37828371278459,52.8896672504378,6.30472854640981,20.8406304728546,23.9929947460595,1.75131348511384
"E01006739",615,41,170,377,27,292,10,40,219,23,323,31,130,158,4,6.66666666666667,27.6422764227642,61.3008130081301,4.39024390243902,47.479674796748,1.6260162601626,6.50406504065041,35.609756097561,3.73983739837398,52.520325203252,5.04065040650407,21.1382113821138,25.6910569105691,0.650406504065041
"E01006740",428,27,116,264,21,228,6,23,183,16,200,21,93,81,5,6.30841121495327,27.1028037383178,61.6822429906542,4.90654205607477,53.2710280373832,1.4018691588785,5.37383177570093,42.7570093457944,3.73831775700935,46.7289719626168,4.90654205607477,21.7289719626168,18.9252336448598,1.16822429906542
"E01006741",673,42,173,417,41,335,13,42,250,30,338,29,131,167,11,6.2407132243685,25.7057949479941,61.961367013373,6.09212481426449,49.777117384844,1.93164933135215,6.2407132243685,37.147102526003,4.45765230312036,50.222882615156,4.30906389301634,19.4650817236256,24.81426448737,1.63447251114413
"E01006742",665,52,157,398,58,333,18,38,236,41,332,34,119,162,17,7.81954887218045,23.609022556391,59.8496240601504,8.7218045112782,50.0751879699248,2.70676691729323,5.71428571428571,35.4887218045113,6.16541353383459,49.9248120300752,5.11278195488722,17.8947368421053,24.3609022556391,2.55639097744361
"E01006743",1046,78,198,673,97,543,34,47,396,66,503,44,151,277,31,7.45697896749522,18.9292543021033,64.34034416826,9.27342256214149,51.9120458891013,3.25047801147228,4.49330783938815,37.8585086042065,6.30975143403442,48.0879541108987,4.20650095602294,14.4359464627151,26.4818355640535,2.96367112810707
"E01006744",737,64,147,476,50,374,23,41,275,35,363,41,106,201,15,8.68385345997286,19.9457259158752,64.5861601085482,6.7842605156038,50.7462686567164,3.12075983717775,5.56309362279512,37.3134328358209,4.74898236092266,49.2537313432836,5.56309362279512,14.3826322930801,27.2727272727273,2.03527815468114
"E01006745",874,84,205,513,72,472,39,67,313,53,402,45,138,200,19,9.61098398169336,23.4553775743707,58.695652173913,8.23798627002288,54.0045766590389,4.46224256292906,7.66590389016018,35.812356979405,6.06407322654462,45.9954233409611,5.1487414187643,15.7894736842105,22.883295194508,2.17391304347826
"E01006746",461,93,131,220,17,222,26,52,135,9,239,67,79,85,8,20.1735357917571,28.4164859002169,47.7223427331887,3.68763557483731,48.1561822125813,5.63991323210412,11.2798264642082,29.2841648590022,1.95227765726681,51.8438177874187,14.5336225596529,17.1366594360087,18.4381778741866,1.7353579175705
"E01006747",1024,418,233,317,56,485,161,93,188,43,539,257,140,129,13,40.8203125,22.75390625,30.95703125,5.46875,47.36328125,15.72265625,9.08203125,18.359375,4.19921875,52.63671875,25.09765625,13.671875,12.59765625,1.26953125
"E01006748",644,193,161,267,23,311,82,58,152,19,333,111,103,115,4,29.9689440993789,25,41.4596273291925,3.57142857142857,48.2919254658385,12.7329192546584,9.00621118012422,23.6024844720497,2.95031055900621,51.7080745341615,17.2360248447205,15.9937888198758,17.8571428571429,0.62111801242236
"E01006751",640,158,178,264,40,313,67,69,152,25,327,91,109,112,15,24.6875,27.8125,41.25,6.25,48.90625,10.46875,10.78125,23.75,3.90625,51.09375,14.21875,17.03125,17.5,2.34375
"E01006752",387,57,97,209,24,218,33,47,120,18,169,24,50,89,6,14.7286821705426,25.0645994832041,54.0051679586563,6.2015503875969,56.3307493540052,8.52713178294574,12.1447028423773,31.0077519379845,4.65116279069767,43.6692506459948,6.2015503875969,12.9198966408269,22.9974160206718,1.55038759689922
"E01006753",530,38,140,312,40,248,10,28,181,29,282,28,112,131,11,7.16981132075472,26.4150943396226,58.8679245283019,7.54716981132075,46.7924528301887,1.88679245283019,5.28301886792453,34.1509433962264,5.47169811320755,53.2075471698113,5.28301886792453,21.1320754716981,24.7169811320755,2.07547169811321
"E01006754",627,50,152,385,40,304,19,30,229,26,323,31,122,156,14,7.97448165869219,24.2424242424242,61.4035087719298,6.37958532695375,48.4848484848485,3.03030303030303,4.78468899521531,36.5231259968102,4.14673046251994,51.5151515151515,4.94417862838915,19.4577352472089,24.8803827751196,2.23285486443381
"E01006755",491,33,141,290,27,226,7,46,152,21,265,26,95,138,6,6.72097759674134,28.7169042769857,59.0631364562118,5.4989816700611,46.0285132382892,1.42566191446029,9.36863543788187,30.9572301425662,4.27698574338086,53.9714867617108,5.29531568228106,19.3482688391039,28.1059063136456,1.22199592668024
"E01006756",606,42,168,352,44,291,12,39,209,31,315,30,129,143,13,6.93069306930693,27.7227722772277,58.0858085808581,7.26072607260726,48.019801980198,1.98019801980198,6.43564356435644,34.4884488448845,5.11551155115512,51.980198019802,4.95049504950495,21.2871287128713,23.5973597359736,2.14521452145215
"E01006757",485,35,136,285,29,241,8,41,169,23,244,27,95,116,6,7.21649484536082,28.0412371134021,58.7628865979381,5.97938144329897,49.6907216494845,1.64948453608247,8.45360824742268,34.8453608247423,4.74226804123711,50.3092783505155,5.56701030927835,19.5876288659794,23.9175257731959,1.23711340206186
"E01006758",545,30,141,338,36,263,14,24,196,29,282,16,117,142,7,5.5045871559633,25.8715596330275,62.0183486238532,6.60550458715596,48.256880733945,2.56880733944954,4.40366972477064,35.9633027522936,5.32110091743119,51.743119266055,2.93577981651376,21.4678899082569,26.0550458715596,1.28440366972477
"E01006759",501,43,111,300,47,257,22,30,167,38,244,21,81,133,9,8.58283433133733,22.1556886227545,59.8802395209581,9.3812375249501,51.2974051896208,4.39121756487026,5.98802395209581,33.3333333333333,7.58483033932136,48.7025948103792,4.19161676646707,16.1676646706587,26.5469061876248,1.79640718562874
"E01006760",685,65,125,438,57,424,27,66,291,40,261,38,59,147,17,9.48905109489051,18.2481751824818,63.9416058394161,8.32116788321168,61.8978102189781,3.94160583941606,9.63503649635036,42.4817518248175,5.83941605839416,38.1021897810219,5.54744525547445,8.61313868613139,21.4598540145985,2.48175182481752
"E01006761",654,50,161,402,41,348,18,54,243,33,306,32,107,159,8,7.64525993883792,24.6177370030581,61.4678899082569,6.26911314984709,53.2110091743119,2.75229357798165,8.25688073394496,37.1559633027523,5.04587155963303,46.7889908256881,4.89296636085627,16.3608562691131,24.3119266055046,1.22324159021407
"E01006762",652,47,170,392,43,320,14,43,230,33,332,33,127,162,10,7.20858895705521,26.0736196319018,60.1226993865031,6.59509202453988,49.079754601227,2.14723926380368,6.59509202453988,35.2760736196319,5.06134969325153,50.920245398773,5.06134969325153,19.478527607362,24.8466257668712,1.53374233128834
"E01006763",634,47,141,401,45,313,15,36,231,31,321,32,105,170,14,7.41324921135647,22.2397476340694,63.2492113564669,7.09779179810726,49.3690851735016,2.36593059936909,5.6782334384858,36.4353312302839,4.88958990536278,50.6309148264984,5.04731861198738,16.5615141955836,26.813880126183,2.20820189274448
"E01006764",634,60,147,375,52,332,33,44,212,43,302,27,103,163,9,9.46372239747634,23.186119873817,59.1482649842271,8.2018927444795,52.3659305993691,5.20504731861199,6.94006309148265,33.4384858044164,6.78233438485804,47.6340694006309,4.25867507886435,16.2460567823344,25.7097791798107,1.41955835962145
"E01006765",624,49,133,399,43,307,16,37,222,32,317,33,96,177,11,7.8525641025641,21.3141025641026,63.9423076923077,6.89102564102564,49.1987179487179,2.56410256410256,5.92948717948718,35.5769230769231,5.12820512820513,50.8012820512821,5.28846153846154,15.3846153846154,28.3653846153846,1.76282051282051
"E01006766",476,38,139,269,30,244,20,49,151,24,232,18,90,118,6,7.98319327731092,29.2016806722689,56.5126050420168,6.30252100840336,51.2605042016807,4.20168067226891,10.2941176470588,31.7226890756302,5.04201680672269,48.7394957983193,3.78151260504202,18.9075630252101,24.7899159663866,1.26050420168067
"E01006767",748,58,172,458,60,368,19,50,254,45,380,39,122,204,15,7.75401069518717,22.9946524064171,61.2299465240642,8.02139037433155,49.1978609625668,2.54010695187166,6.68449197860963,33.9572192513369,6.01604278074866,50.8021390374332,5.21390374331551,16.3101604278075,27.2727272727273,2.00534759358289
"E01006768",628,52,113,409,54,342,21,41,240,40,286,31,72,169,14,8.28025477707006,17.9936305732484,65.1273885350319,8.59872611464968,54.4585987261147,3.34394904458599,6.52866242038217,38.2165605095541,6.36942675159236,45.5414012738853,4.93630573248408,11.4649681528662,26.9108280254777,2.22929936305732
"E01006769",417,25,90,273,29,227,7,24,175,21,190,18,66,98,8,5.99520383693046,21.5827338129496,65.4676258992806,6.95443645083933,54.4364508393285,1.67865707434053,5.75539568345324,41.9664268585132,5.03597122302158,45.5635491606715,4.31654676258993,15.8273381294964,23.5011990407674,1.91846522781775
"E01006770",366,29,112,200,25,170,6,28,117,19,196,23,84,83,6,7.92349726775956,30.6010928961749,54.6448087431694,6.83060109289618,46.448087431694,1.63934426229508,7.65027322404372,31.9672131147541,5.19125683060109,53.551912568306,6.28415300546448,22.9508196721311,22.6775956284153,1.63934426229508
"E01006771",489,36,141,277,35,210,7,25,150,28,279,29,116,127,7,7.36196319018405,28.8343558282209,56.6462167689162,7.15746421267894,42.9447852760736,1.43149284253579,5.11247443762781,30.6748466257669,5.72597137014315,57.0552147239264,5.93047034764826,23.721881390593,25.9713701431493,1.43149284253579
"E01006772",457,41,126,264,26,223,13,35,152,23,234,28,91,112,3,8.97155361050328,27.5711159737418,57.7680525164114,5.68927789934355,48.7964989059081,2.84463894967177,7.65864332603939,33.2603938730853,5.0328227571116,51.2035010940919,6.12691466083151,19.9124726477024,24.507658643326,0.656455142231947
"E01006773",698,55,149,445,49,345,19,33,258,35,353,36,116,187,14,7.87965616045845,21.3467048710602,63.7535816618911,7.02005730659026,49.4269340974212,2.72206303724928,4.72779369627507,36.9627507163324,5.01432664756447,50.5730659025788,5.15759312320917,16.6189111747851,26.7908309455587,2.00573065902579
"E01006774",737,57,148,452,80,369,22,30,253,64,368,35,118,199,16,7.73405698778833,20.0814111261872,61.3297150610583,10.8548168249661,50.067842605156,2.98507462686567,4.07055630936228,34.3283582089552,8.68385345997286,49.932157394844,4.74898236092266,16.010854816825,27.0013568521031,2.17096336499322
"E01006775",436,34,126,242,34,185,14,30,113,28,251,20,96,129,6,7.79816513761468,28.8990825688073,55.5045871559633,7.79816513761468,42.4311926605505,3.21100917431193,6.88073394495413,25.9174311926606,6.42201834862385,57.5688073394495,4.58715596330275,22.0183486238532,29.5871559633028,1.37614678899083
"E01006776",663,40,147,434,42,305,13,28,229,35,358,27,119,205,7,6.03318250377074,22.1719457013575,65.4600301659125,6.33484162895928,46.0030165912519,1.96078431372549,4.22322775263952,34.5399698340875,5.2790346907994,53.9969834087481,4.07239819004525,17.9487179487179,30.920060331825,1.05580693815988
"E01006778",815,59,219,487,50,424,28,70,291,35,391,31,149,196,15,7.23926380368098,26.8711656441718,59.7546012269939,6.13496932515337,52.0245398773006,3.43558282208589,8.58895705521472,35.7055214723926,4.29447852760736,47.9754601226994,3.80368098159509,18.2822085889571,24.0490797546012,1.84049079754601
"E01006779",571,49,168,307,47,258,16,39,168,35,313,33,129,139,12,8.58143607705779,29.4220665499124,53.7653239929948,8.23117338003503,45.183887915937,2.80210157618214,6.83012259194396,29.4220665499124,6.12959719789842,54.8161120840631,5.77933450087566,22.5919439579685,24.3432574430823,2.1015761821366
"E01006780",724,47,165,456,56,368,15,46,262,45,356,32,119,194,11,6.49171270718232,22.7900552486188,62.9834254143646,7.73480662983425,50.828729281768,2.07182320441989,6.353591160221,36.1878453038674,6.21546961325967,49.171270718232,4.41988950276243,16.4364640883978,26.7955801104972,1.51933701657459
"E01006781",825,53,169,530,73,402,19,27,294,62,423,34,142,236,11,6.42424242424242,20.4848484848485,64.2424242424242,8.84848484848485,48.7272727272727,2.3030303030303,3.27272727272727,35.6363636363636,7.51515151515151,51.2727272727273,4.12121212121212,17.2121212121212,28.6060606060606,1.33333333333333
"E01006782",764,65,152,491,56,375,20,43,276,36,389,45,109,215,20,8.50785340314136,19.8952879581152,64.2670157068063,7.32984293193717,49.0837696335078,2.61780104712042,5.6282722513089,36.1256544502618,4.71204188481675,50.9162303664921,5.89005235602094,14.2670157068063,28.1413612565445,2.61780104712042
"E01006783",726,42,177,455,52,361,11,42,269,39,365,31,135,186,13,5.78512396694215,24.3801652892562,62.6721763085399,7.16253443526171,49.7245179063361,1.51515151515152,5.78512396694215,37.0523415977961,5.37190082644628,50.2754820936639,4.26997245179063,18.595041322314,25.6198347107438,1.79063360881543
"E01006784",723,41,149,485,48,379,11,41,287,40,344,30,108,198,8,5.67081604426003,20.6085753803596,67.0816044260028,6.63900414937759,52.4204702627939,1.52143845089903,5.67081604426003,39.6957123098202,5.53250345781466,47.5795297372061,4.149377593361,14.9377593360996,27.3858921161826,1.10650069156293
"E01006785",823,52,166,538,67,422,15,47,310,50,401,37,119,228,17,6.318347509113,20.1701093560146,65.3705953827461,8.14094775212637,51.2758201701094,1.82260024301337,5.71081409477521,37.6670716889429,6.07533414337789,48.7241798298906,4.49574726609964,14.4592952612394,27.7035236938032,2.06561360874848
"E01006786",922,70,190,583,79,483,38,36,349,60,439,32,154,234,19,7.59219088937093,20.6073752711497,63.2321041214751,8.56832971800434,52.3861171366594,4.12147505422994,3.90455531453362,37.8524945770065,6.50759219088937,47.6138828633406,3.470715835141,16.7028199566161,25.3796095444685,2.06073752711497
"E01006787",942,67,245,539,91,654,35,149,387,83,288,32,96,152,8,7.11252653927813,26.0084925690021,57.2186836518047,9.66029723991507,69.4267515923567,3.71549893842887,15.8174097664544,41.0828025477707,8.81104033970276,30.5732484076433,3.39702760084926,10.1910828025478,16.135881104034,0.849256900212314
"E01006788",844,59,203,525,57,411,20,42,306,43,433,39,161,219,14,6.99052132701422,24.0521327014218,62.2037914691943,6.75355450236967,48.696682464455,2.3696682464455,4.97630331753555,36.2559241706161,5.09478672985782,51.303317535545,4.62085308056872,19.0758293838863,25.9478672985782,1.65876777251185
"E01006790",589,38,163,340,48,293,10,43,202,38,296,28,120,138,10,6.45161290322581,27.6740237691002,57.7249575551783,8.14940577249576,49.7453310696095,1.69779286926995,7.30050933786078,34.295415959253,6.45161290322581,50.2546689303905,4.75382003395586,20.3735144312394,23.4295415959253,1.69779286926995
"E01006791",620,42,169,365,44,341,12,68,223,38,279,30,101,142,6,6.7741935483871,27.258064516129,58.8709677419355,7.09677419354839,55,1.93548387096774,10.9677419354839,35.9677419354839,6.12903225806452,45,4.83870967741935,16.2903225806452,22.9032258064516,0.967741935483871
"E01006792",615,39,134,345,97,328,14,40,203,71,287,25,94,142,26,6.34146341463415,21.7886178861789,56.0975609756098,15.7723577235772,53.3333333333333,2.27642276422764,6.50406504065041,33.0081300813008,11.5447154471545,46.6666666666667,4.0650406504065,15.2845528455285,23.0894308943089,4.22764227642276
"E01006793",645,54,148,364,79,341,24,44,218,55,304,30,104,146,24,8.37209302325581,22.9457364341085,56.4341085271318,12.2480620155039,52.8682170542636,3.72093023255814,6.82170542635659,33.7984496124031,8.52713178294574,47.1317829457364,4.65116279069767,16.1240310077519,22.6356589147287,3.72093023255814
"E01006794",758,56,149,438,115,387,20,41,242,84,371,36,108,196,31,7.38786279683377,19.6569920844327,57.7836411609499,15.1715039577836,51.0554089709763,2.63852242744063,5.4089709762533,31.9261213720317,11.0817941952507,48.9445910290237,4.74934036939314,14.2480211081794,25.8575197889182,4.08970976253298
"E01006795",726,65,152,401,108,376,19,38,237,82,350,46,114,164,26,8.95316804407713,20.9366391184573,55.2341597796143,14.8760330578512,51.7906336088154,2.61707988980716,5.23415977961433,32.6446280991736,11.2947658402204,48.2093663911846,6.33608815426997,15.702479338843,22.5895316804408,3.58126721763085
"E01006796",752,81,154,360,157,400,18,50,207,125,352,63,104,153,32,10.7712765957447,20.4787234042553,47.8723404255319,20.8776595744681,53.1914893617021,2.3936170212766,6.64893617021277,27.5265957446808,16.6223404255319,46.8085106382979,8.37765957446809,13.8297872340426,20.3457446808511,4.25531914893617
"E01006797",639,61,137,373,68,333,17,41,226,49,306,44,96,147,19,9.54616588419405,21.4397496087637,58.3724569640063,10.641627543036,52.112676056338,2.660406885759,6.41627543035994,35.3677621283255,7.66823161189358,47.887323943662,6.88575899843505,15.0234741784038,23.0046948356808,2.97339593114241
"E01006798",719,64,117,441,97,372,23,34,248,67,347,41,83,193,30,8.90125173852573,16.2726008344924,61.3351877607789,13.4909596662031,51.7385257301808,3.19888734353268,4.72878998609179,34.4923504867872,9.31849791376912,48.2614742698192,5.70236439499305,11.5438108484006,26.8428372739917,4.17246175243394
"E01006799",702,53,137,410,102,380,26,40,239,75,322,27,97,171,27,7.54985754985755,19.5156695156695,58.4045584045584,14.5299145299145,54.1310541310541,3.7037037037037,5.6980056980057,34.045584045584,10.6837606837607,45.8689458689459,3.84615384615385,13.8176638176638,24.3589743589744,3.84615384615385
"E01006800",576,48,128,338,62,298,21,34,195,48,278,27,94,143,14,8.33333333333333,22.2222222222222,58.6805555555556,10.7638888888889,51.7361111111111,3.64583333333333,5.90277777777778,33.8541666666667,8.33333333333333,48.2638888888889,4.6875,16.3194444444444,24.8263888888889,2.43055555555556
"E01006801",656,61,122,387,86,336,21,29,218,68,320,40,93,169,18,9.29878048780488,18.5975609756098,58.9939024390244,13.109756097561,51.219512195122,3.20121951219512,4.42073170731707,33.2317073170732,10.3658536585366,48.780487804878,6.09756097560976,14.1768292682927,25.7621951219512,2.74390243902439
"E01032505",575,52,140,322,61,284,11,43,183,47,291,41,97,139,14,9.04347826086957,24.3478260869565,56,10.6086956521739,49.3913043478261,1.91304347826087,7.47826086956522,31.8260869565217,8.17391304347826,50.6086956521739,7.1304347826087,16.8695652173913,24.1739130434783,2.43478260869565
"E01032506",668,53,140,411,64,346,22,34,245,45,322,31,106,166,19,7.93413173652695,20.9580838323353,61.5269461077844,9.58083832335329,51.7964071856287,3.2934131736527,5.08982035928144,36.6766467065868,6.73652694610778,48.2035928143713,4.64071856287425,15.8682634730539,24.8502994011976,2.84431137724551
"E01032507",889,79,157,558,95,423,25,53,284,61,466,54,104,274,34,8.88638920134983,17.6602924634421,62.7671541057368,10.6861642294713,47.5815523059618,2.81214848143982,5.96175478065242,31.9460067491564,6.86164229471316,52.4184476940382,6.07424071991001,11.6985376827897,30.8211473565804,3.82452193475816
"E01032508",655,42,168,406,39,327,12,45,245,25,328,30,123,161,14,6.41221374045802,25.6488549618321,61.9847328244275,5.95419847328244,49.9236641221374,1.83206106870229,6.87022900763359,37.4045801526718,3.81679389312977,50.0763358778626,4.58015267175572,18.7786259541985,24.5801526717557,2.13740458015267
"E01032509",612,53,148,372,39,297,12,42,215,28,315,41,106,157,11,8.66013071895425,24.1830065359477,60.7843137254902,6.37254901960784,48.5294117647059,1.96078431372549,6.86274509803922,35.1307189542484,4.57516339869281,51.4705882352941,6.69934640522876,17.3202614379085,25.6535947712418,1.79738562091503
"E01032510",887,68,214,525,80,441,30,56,287,68,446,38,158,238,12,7.6662908680947,24.1262683201804,59.1882750845547,9.01916572717024,49.7181510710259,3.38218714768884,6.31341600901917,32.3562570462232,7.6662908680947,50.2818489289741,4.28410372040586,17.8128523111612,26.8320180383315,1.35287485907554
"E01032511",619,59,163,367,30,322,27,45,227,23,297,32,118,140,7,9.53150242326333,26.3327948303716,59.2891760904685,4.84652665589661,52.0193861066236,4.36187399030695,7.26978998384491,36.6720516962843,3.7156704361874,47.9806138933764,5.16962843295638,19.0630048465267,22.6171243941842,1.13085621970921
"E01033747",264,29,60,156,19,140,13,20,102,5,124,16,40,54,14,10.9848484848485,22.7272727272727,59.0909090909091,7.1969696969697,53.030303030303,4.92424242424242,7.57575757575758,38.6363636363636,1.89393939393939,46.969696969697,6.06060606060606,15.1515151515152,20.4545454545455,5.3030303030303
"E01033748",926,47,83,677,119,533,20,31,399,83,393,27,52,278,36,5.0755939524838,8.96328293736501,73.110151187905,12.8509719222462,57.5593952483801,2.15982721382289,3.34773218142549,43.0885529157667,8.96328293736501,42.4406047516199,2.91576673866091,5.61555075593953,30.0215982721382,3.88768898488121
"E01033749",205,93,34,57,21,94,36,12,36,10,111,57,22,21,11,45.3658536585366,16.5853658536585,27.8048780487805,10.2439024390244,45.8536585365854,17.5609756097561,5.85365853658537,17.5609756097561,4.8780487804878,54.1463414634146,27.8048780487805,10.7317073170732,10.2439024390244,5.36585365853659
"E01033750",1037,59,91,696,191,668,31,45,443,149,369,28,46,253,42,5.68948891031823,8.77531340405015,67.1166827386692,18.4185149469624,64.4165863066538,2.9893924783028,4.33944069431051,42.7193828351013,14.3683702989392,35.5834136933462,2.70009643201543,4.43587270973963,24.397299903568,4.05014464802314
"E01033751",794,185,113,402,94,459,88,39,258,74,335,97,74,144,20,23.2997481108312,14.2317380352645,50.6297229219144,11.8387909319899,57.808564231738,11.0831234256927,4.91183879093199,32.4937027707809,9.31989924433249,42.191435768262,12.2166246851385,9.31989924433249,18.1360201511335,2.51889168765743
"E01033752",913,48,77,633,155,571,25,39,393,114,342,23,38,240,41,5.25739320920044,8.43373493975904,69.3318729463308,16.9769989047097,62.5410733844469,2.73822562979189,4.27163198247536,43.0449069003286,12.486308871851,37.4589266155531,2.51916757940854,4.16210295728368,26.2869660460022,4.49069003285871
"E01033753",785,34,53,559,139,519,20,34,363,102,266,14,19,196,37,4.3312101910828,6.7515923566879,71.2101910828025,17.7070063694268,66.1146496815287,2.54777070063694,4.3312101910828,46.2420382165605,12.9936305732484,33.8853503184713,1.78343949044586,2.4203821656051,24.968152866242,4.71337579617834
"E01033754",890,57,116,592,125,503,21,42,353,87,387,36,74,239,38,6.40449438202247,13.0337078651685,66.5168539325843,14.0449438202247,56.5168539325843,2.35955056179775,4.71910112359551,39.6629213483146,9.7752808988764,43.4831460674157,4.04494382022472,8.31460674157303,26.8539325842697,4.26966292134831
"E01033755",820,52,68,579,121,501,14,30,369,88,319,38,38,210,33,6.34146341463415,8.29268292682927,70.609756097561,14.7560975609756,61.0975609756098,1.70731707317073,3.65853658536585,45,10.7317073170732,38.9024390243902,4.63414634146341,4.63414634146341,25.609756097561,4.02439024390244
"E01033756",712,66,68,435,143,459,35,36,288,100,253,31,32,147,43,9.26966292134832,9.55056179775281,61.0955056179775,20.0842696629213,64.4662921348315,4.91573033707865,5.0561797752809,40.4494382022472,14.0449438202247,35.5337078651685,4.35393258426966,4.49438202247191,20.6460674157303,6.03932584269663
"E01033757",340,105,67,139,29,194,52,33,89,20,146,53,34,50,9,30.8823529411765,19.7058823529412,40.8823529411765,8.52941176470588,57.0588235294118,15.2941176470588,9.70588235294118,26.1764705882353,5.88235294117647,42.9411764705882,15.5882352941176,10,14.7058823529412,2.64705882352941
"E01033758",433,172,81,153,27,211,63,42,84,22,222,109,39,69,5,39.7228637413395,18.7066974595843,35.3348729792148,6.23556581986143,48.729792147806,14.5496535796767,9.69976905311778,19.3995381062356,5.08083140877598,51.270207852194,25.1732101616628,9.00692840646651,15.9353348729792,1.15473441108545
"E01033759",463,37,114,285,27,229,19,33,162,15,234,18,81,123,12,7.99136069114471,24.622030237581,61.5550755939525,5.83153347732181,49.4600431965443,4.1036717062635,7.12742980561555,34.9892008639309,3.23974082073434,50.5399568034557,3.88768898488121,17.4946004319654,26.5658747300216,2.59179265658747
"E01033760",757,322,123,254,58,393,124,59,163,47,364,198,64,91,11,42.5363276089828,16.2483487450462,33.553500660502,7.66182298546896,51.9154557463672,16.3804491413474,7.79392338177015,21.5323645970938,6.20871862615588,48.0845442536328,26.1558784676354,8.45442536327609,12.0211360634082,1.45310435931308
"E01033761",944,110,131,605,98,575,61,63,375,76,369,49,68,230,22,11.6525423728814,13.8771186440678,64.0889830508475,10.3813559322034,60.9110169491525,6.46186440677966,6.67372881355932,39.7245762711864,8.05084745762712,39.0889830508475,5.19067796610169,7.20338983050847,24.364406779661,2.33050847457627
"E01033762",602,236,100,220,46,316,102,50,131,33,286,134,50,89,13,39.202657807309,16.6112956810631,36.5448504983389,7.64119601328904,52.4916943521595,16.9435215946844,8.30564784053156,21.7607973421927,5.48172757475083,47.5083056478405,22.2591362126246,8.30564784053156,14.7840531561462,2.15946843853821
"E01033763",484,93,112,255,24,274,47,47,162,18,210,46,65,93,6,19.2148760330579,23.1404958677686,52.6859504132231,4.95867768595041,56.6115702479339,9.71074380165289,9.71074380165289,33.4710743801653,3.71900826446281,43.3884297520661,9.50413223140496,13.4297520661157,19.2148760330579,1.2396694214876
"E01033764",655,63,197,357,38,352,20,79,220,33,303,43,118,137,5,9.61832061068702,30.0763358778626,54.5038167938931,5.80152671755725,53.7404580152672,3.05343511450382,12.0610687022901,33.587786259542,5.0381679389313,46.2595419847328,6.56488549618321,18.0152671755725,20.9160305343511,0.763358778625954
"E01033765",530,41,111,307,71,273,18,22,181,52,257,23,89,126,19,7.73584905660377,20.9433962264151,57.9245283018868,13.3962264150943,51.5094339622642,3.39622641509434,4.15094339622642,34.1509433962264,9.81132075471698,48.4905660377358,4.33962264150943,16.7924528301887,23.7735849056604,3.58490566037736
"E01033766",564,66,105,344,49,303,28,41,203,31,261,38,64,141,18,11.7021276595745,18.6170212765957,60.9929078014184,8.68794326241135,53.7234042553192,4.9645390070922,7.26950354609929,35.9929078014184,5.49645390070922,46.2765957446808,6.73758865248227,11.3475177304965,25,3.19148936170213
"E01033767",415,33,103,246,33,205,14,26,137,28,210,19,77,109,5,7.95180722891566,24.8192771084337,59.2771084337349,7.95180722891566,49.3975903614458,3.37349397590361,6.26506024096386,33.0120481927711,6.74698795180723,50.6024096385542,4.57831325301205,18.5542168674699,26.2650602409639,1.20481927710843
"E01033768",573,85,105,318,65,326,53,45,184,44,247,32,60,134,21,14.8342059336824,18.3246073298429,55.4973821989529,11.3438045375218,56.8935427574171,9.24956369982548,7.85340314136126,32.1116928446771,7.67888307155323,43.1064572425829,5.58464223385689,10.4712041884817,23.3856893542757,3.66492146596859
